1 1 2
2 1 2
3 1 1
4 1 1
5 1 2
6 1 2
7 1 2
8 1 1
9 1 1
10 1 1
11 1 1
12 1 2
13 1 2
14 1 1
15 1 2
16 1 2
17 1 2
18 1 2
19 1 2
20 1 1
21 1 1
22 1 2
23 1 1
24 1 1
25 1 1
26 1 2
27 1 2
28 1 2
29 1 2
30 1 2
31 1 2
32 1 2
33 1 2
34 1 2
35 1 2
36 1 1
37 1 2
38 1 2
39 1 2
40 1 1
41 1 1
42 1 2
43 1 2
44 1 2
45 1 2
46 1 1
47 1 1
48 1 2
49 1 2
50 1 2
51 1 2
52 1 2
53 1 2
54 1 2
55 1 2
56 1 2
57 1 2
58 1 1
59 1 2
60 1 2
61 1 2
62 1 2
63 1 2
64 1 2
65 1 2
66 1 2
67 1 2
68 1 2
69 1 2
70 1 2
71 1 2
72 1 1
73 1 1
74 1 1
75 1 1
76 1 1
77 1 1
78 1 1
79 1 1
80 1 1
81 1 1
82 1 1
83 1 1
84 1 1
85 1 2
86 1 2
87 1 2
88 1 2
89 1 2
90 1 1
91 1 1
92 1 1
93 1 1
94 1 1
95 1 1
96 1 2
97 1 2
98 1 2
99 1 1
100 1 2
101 1 2
102 1 2
103 1 2
104 1 2
105 1 2
106 1 2
107 1 1
108 1 1
109 1 2
110 1 2
111 1 2
112 1 2
113 1 2
114 1 2
115 1 2
116 1 2
117 1 1
118 1 1
119 1 1
120 1 1
121 1 1
122 1 1
123 1 1
124 1 1
125 1 2
126 1 2
127 1 2
128 1 1
129 1 2
130 1 2
131 1 2
132 1 2
133 1 2
134 1 1
135 1 1
136 1 2
137 1 2
138 1 2
139 1 1
140 1 1
141 1 1
142 1 1
143 1 1
144 1 1
145 1 2
146 1 2
147 1 2
148 1 1
149 1 2
150 1 2
151 1 2
152 1 2
153 1 1
154 1 1
155 1 2
156 1 2
157 1 1
158 1 1
159 1 1
160 1 2
161 1 2
162 1 2
163 1 2
164 1 1
165 1 1
166 1 1
167 1 1
168 1 1
169 1 2
170 1 2
171 1 2
172 1 1
173 1 2
174 1 2
175 1 2
176 1 1
177 1 1
178 1 1
179 1 2
180 1 1
181 1 1
182 1 1
183 1 2
184 1 2
185 1 2
186 1 2
187 1 2
188 1 1
189 1 1
190 1 1
191 1 1
192 1 2
193 1 1
194 1 1
195 1 1
196 1 1
197 1 2
198 1 2
199 1 2
200 1 2
201 1 2
202 1 2
203 1 2
204 1 2
205 1 2
206 1 2
207 1 2
208 1 1
209 1 1
210 1 2
211 1 2
212 1 2
213 1 2
214 1 1
215 1 1
216 1 2
217 1 2
218 1 2
219 1 2
220 1 2
221 1 1
222 1 1
223 1 1
224 1 1
225 1 1
226 1 1
227 1 1
228 1 1
229 1 1
230 1 2
231 1 2
232 1 2
233 1 2
234 1 2
235 1 2
236 1 1
237 1 1
238 1 1
239 1 1
240 1 1
241 1 1
242 1 1
243 1 1
244 1 1
245 1 1
246 1 1
247 1 1
248 1 1
249 1 1
250 1 1
251 1 1
252 1 2
253 1 1
254 1 2
255 1 2
256 1 2
257 1 2
258 1 2
259 1 1
260 1 1
261 1 1
262 1 1
263 1 1
264 1 1
265 1 1
266 1 1
267 1 1
268 1 2
269 1 2
270 1 2
271 1 2
272 1 2
273 1 2
274 1 2
275 1 2
276 1 2
277 1 1
278 1 1
279 1 1
280 1 1
281 1 2
282 1 2
283 1 2
284 1 2
285 1 2
286 1 2
287 1 2
288 1 2
289 1 2
290 1 2
291 1 2
292 1 2
293 1 2
294 1 2
295 1 2
296 1 2
297 1 1
298 1 1
299 1 1
300 1 2
301 1 2
302 1 2
303 1 2
304 1 1
305 1 2
306 1 2
307 1 2
308 1 2
309 1 2
310 1 2
311 1 1
312 1 1
313 1 1
314 1 1
315 1 1
316 1 2
317 1 2
318 1 2
319 1 2
320 1 2
321 1 1
322 1 1
323 1 1
324 1 1
325 1 1
326 1 2
327 1 2
328 1 2
329 1 2
330 1 2
331 1 1
332 1 1
333 1 1
334 1 1
335 1 2
336 1 2
337 1 1
338 1 1
339 1 1
340 1 1
341 1 2
342 1 1
343 1 2
344 1 2
345 1 1
346 1 1
347 1 1
348 1 1
349 1 1
350 1 1
351 1 1
352 1 1
353 1 2
354 1 1
355 1 2
356 1 2
357 1 1
358 1 1
359 1 1
360 1 1
361 1 1
362 1 1
363 1 2
364 1 1
365 1 1
366 1 1
367 1 1
368 1 1
369 1 2
370 1 1
371 1 1
372 1 2
373 1 2
374 1 2
375 1 2
376 1 2
377 1 2
378 1 1
379 1 1
380 1 1
381 1 2
382 1 2
383 1 2
384 1 1
385 1 2
386 1 2
387 1 2
388 1 2
389 1 2
390 1 1
391 1 1
392 1 1
393 1 1
394 1 1
395 1 1
396 1 1
397 1 1
398 1 1
399 1 1
400 1 1
401 1 1
402 1 1
403 1 1
404 1 1
405 1 1
406 1 2
407 1 2
408 1 2
409 1 2
410 1 1
411 1 1
412 1 1
413 1 1
414 1 2
415 1 2
416 1 2
417 1 2
418 1 2
419 1 2
420 1 2
421 1 2
422 1 2
423 1 1
424 1 1
425 1 1
426 1 2
427 1 2
428 1 2
429 1 2
430 1 2
431 1 2
432 1 2
433 1 2
434 1 2
435 1 2
436 1 2
437 1 2
438 1 2
439 1 1
440 1 1
441 1 1
442 1 1
443 1 1
444 1 1
445 1 2
446 1 2
447 1 2
448 1 1
449 1 2
450 1 2
451 1 2
452 1 2
453 1 2
454 1 2
455 1 2
456 1 2
457 1 2
458 1 2
459 1 1
460 1 1
461 1 1
462 1 1
463 1 1
464 1 2
465 1 2
466 1 1
467 1 1
468 1 1
469 1 1
470 1 2
471 1 2
472 1 2
473 1 1
474 1 1