1 1 2
2 1 2
3 1 2
4 1 2
5 1 2
6 1 2
7 1 2
8 1 2
9 1 2
10 1 2
11 1 2
12 1 1
13 1 1
14 1 1
15 1 2
16 1 2
17 1 2
18 1 2
19 1 2
20 1 2
21 1 2
22 1 1
23 1 1
24 1 1
25 1 1
26 1 2
27 1 2
28 1 2
29 1 2
30 1 2
31 1 2
32 1 2
33 1 2
34 1 2
35 1 2
36 1 2
37 1 1
38 1 1
39 1 1
40 1 1
41 1 1
42 1 2
43 1 2
44 1 2
45 1 2
46 1 2
47 1 2
48 1 2
49 1 2
50 1 2
51 1 2
52 1 2
53 1 2
54 1 2
55 1 2
56 1 2
57 1 2
58 1 2
59 1 1
60 1 1
61 1 1
62 1 2
63 1 2
64 1 2
65 1 2
66 1 2
67 1 2
68 1 2
69 1 2
70 1 2
71 1 2
72 1 2
73 1 2
74 1 2
75 1 2
76 1 2
77 1 2
78 1 2
79 1 2
80 1 2
81 1 2
82 1 1
83 1 1
84 1 1
85 1 2
86 1 2
87 1 2
88 1 2
89 1 2
90 1 2
91 1 2
92 1 2
93 1 2
94 1 2
95 1 2
96 1 1
97 1 1
98 1 1
99 1 1
100 1 2
101 1 2
102 1 2
103 1 2
104 1 2
105 1 2
106 1 2
107 1 2
108 1 2
109 1 1
110 1 1
111 1 1
112 1 1
113 1 2
114 1 2
115 1 2
116 1 2
117 1 2
118 1 2
119 1 2
120 1 2
121 1 2
122 1 2
123 1 2
124 1 2
125 1 1
126 1 1
127 1 1
128 1 1
129 1 2
130 1 2
131 1 2
132 1 2
133 1 2
134 1 2
135 1 2
136 1 2
137 1 2
138 1 2
139 1 2
140 1 2
141 1 2
142 1 2
143 1 2
144 1 2
145 1 1
146 1 1
147 1 1
148 1 1
149 1 2
150 1 2
151 1 2
152 1 2
153 1 2
154 1 2
155 1 1
156 1 1
157 1 1
158 1 1
159 1 1
160 1 2
161 1 2
162 1 2
163 1 2
164 1 2
165 1 2
166 1 2
167 1 2
168 1 2
169 1 1
170 1 1
171 1 1
172 1 1
173 1 2
174 1 2
175 1 2
176 1 2
177 1 2
178 1 2
179 1 1
180 1 1
181 1 1
182 1 1
183 1 2
184 1 2
185 1 2
186 1 2
187 1 2
188 1 2
189 1 2
190 1 2
191 1 2
192 1 1
193 1 1
194 1 1
195 1 1
196 1 1
197 1 2
198 1 2
199 1 2
200 1 2
201 1 2
202 1 2
203 1 2
204 1 2
205 1 2
206 1 2
207 1 2
208 1 2
209 1 2
210 1 1
211 1 1
212 1 1
213 1 1
214 1 1
215 1 1
216 1 2
217 1 2
218 1 2
219 1 2
220 1 2
221 1 2
222 1 2
223 1 2
224 1 2
225 1 2
226 1 2
227 1 2
228 1 2
229 1 2
230 1 1
231 1 2
232 1 2
233 1 2
234 1 2
235 1 2
236 1 2
237 1 2
238 1 2
239 1 2
240 1 2
241 1 2
242 1 2
243 1 2
244 1 2
245 1 2
246 1 2
247 1 2
248 1 2
249 1 2
250 1 2
251 1 2
252 1 1
253 1 1
254 1 2
255 1 2
256 1 2
257 1 2
258 1 2
259 1 2
260 1 2
261 1 2
262 1 2
263 1 2
264 1 2
265 1 2
266 1 2
267 1 2
268 1 1
269 1 2
270 1 2
271 1 2
272 1 2
273 1 2
274 1 2
275 1 2
276 1 2
277 1 2
278 1 2
279 1 2
280 1 2
281 1 1
282 1 1
283 1 2
284 1 2
285 1 2
286 1 2
287 1 2
288 1 2
289 1 2
290 1 2
291 1 2
292 1 2
293 1 2
294 1 2
295 1 2
296 1 2
297 1 2
298 1 2
299 1 2
300 1 1
301 1 1
302 1 1
303 1 1
304 1 1
305 1 2
306 1 2
307 1 2
308 1 2
309 1 2
310 1 2
311 1 2
312 1 2
313 1 2
314 1 2
315 1 2
316 1 1
317 1 1
318 1 2
319 1 2
320 1 2
321 1 2
322 1 2
323 1 2
324 1 2
325 1 2
326 1 1
327 1 1
328 1 2
329 1 2
330 1 2
331 1 2
332 1 2
333 1 2
334 1 1
335 1 2
336 1 2
337 1 2
338 1 2
339 1 2
340 1 2
341 1 1
342 1 1
343 1 2
344 1 2
345 1 2
346 1 2
347 1 2
348 1 2
349 1 2
350 1 2
351 1 2
352 1 2
353 1 1
354 1 1
355 1 2
356 1 2
357 1 2
358 1 2
359 1 2
360 1 2
361 1 2
362 1 2
363 1 1
364 1 1
365 1 1
366 1 1
367 1 1
368 1 1
369 1 2
370 1 2
371 1 2
372 1 2
373 1 2
374 1 2
375 1 2
376 1 2
377 1 2
378 1 2
379 1 2
380 1 2
381 1 1
382 1 1
383 1 1
384 1 1
385 1 2
386 1 2
387 1 2
388 1 2
389 1 2
390 1 2
391 1 2
392 1 2
393 1 2
394 1 2
395 1 2
396 1 2
397 1 2
398 1 2
399 1 2
400 1 2
401 1 2
402 1 2
403 1 1
404 1 1
405 1 1
406 1 2
407 1 2
408 1 2
409 1 2
410 1 2
411 1 2
412 1 2
413 1 2
414 1 1
415 1 1
416 1 2
417 1 2
418 1 2
419 1 2
420 1 2
421 1 2
422 1 2
423 1 2
424 1 2
425 1 2
426 1 1
427 1 1
428 1 1
429 1 1
430 1 1
431 1 2
432 1 2
433 1 2
434 1 2
435 1 2
436 1 2
437 1 2
438 1 2
439 1 2
440 1 2
441 1 2
442 1 2
443 1 2
444 1 2
445 1 1
446 1 1
447 1 1
448 1 1
449 1 2
450 1 2
451 1 2
452 1 2
453 1 2
454 1 2
455 1 2
456 1 2
457 1 2
458 1 2
459 1 2
460 1 2
461 1 2
462 1 2
463 1 2
464 1 2
465 1 2
466 1 2
467 1 2
468 1 2
469 1 2
470 1 1
471 1 1
472 1 2
473 1 2
474 1 2
