=========================================
SSB Query: q4_1
=========================================
Timestamp: 2025-08-31 09:38:26 UTC
Seed: 295685394

Result:
---------
1992.000 3.000 28327833.000
1992.000 5.000 26009796.000
1992.000 8.000 33670495.000
1992.000 13.000 13189082.000
1992.000 25.000 6831594.000
1993.000 3.000 9912895.000
1993.000 5.000 11953244.000
1993.000 8.000 7643320.000
1993.000 13.000 7163614.000
1993.000 25.000 8624808.000
1994.000 3.000 12100141.000
1994.000 5.000 20000321.000
1994.000 8.000 17378021.000
1994.000 13.000 21652899.000
1995.000 3.000 18514975.000
1995.000 5.000 14290190.000
1995.000 8.000 31549829.000
1995.000 13.000 25825142.000
1995.000 25.000 30774503.000
1996.000 3.000 12208339.000
1996.000 8.000 4588265.000
1996.000 13.000 20126923.000
1996.000 25.000 3332775.000
1997.000 3.000 2868039.000
1997.000 5.000 27620179.000
1997.000 8.000 7224110.000
1997.000 13.000 8337963.000
1997.000 25.000 8697167.000
1998.000 3.000 6376733.000
1998.000 5.000 6480820.000
1998.000 8.000 3731206.000
1998.000 13.000 458463.000
1998.000 25.000 12032220.000
1992 ARGENTINA 28327833
1992 CANADA 26009796
1992 PERU 33670495
1992 BRAZIL 13189082
1992 UNITED STATES 6831594
1993 ARGENTINA 9912895
1993 CANADA 11953244
1993 PERU 7643320
1993 BRAZIL 7163614
1993 UNITED STATES 8624808
1994 ARGENTINA 12100141
1994 CANADA 20000321
1994 PERU 17378021
1994 BRAZIL 21652899
1995 ARGENTINA 18514975
1995 CANADA 14290190
1995 PERU 31549829
1995 BRAZIL 25825142
1995 UNITED STATES 30774503
1996 ARGENTINA 12208339
1996 PERU 4588265
1996 BRAZIL 20126923
1996 UNITED STATES 3332775
1997 ARGENTINA 2868039
1997 CANADA 27620179
1997 PERU 7224110
1997 BRAZIL 8337963
1997 UNITED STATES 8697167
1998 ARGENTINA 6376733
1998 CANADA 6480820
1998 PERU 3731206
1998 BRAZIL 458463
1998 UNITED STATES 12032220
Q4.1 finished
SystemDS Statistics:
Total execution time:		1.802 sec.

=========================================
