1 1 -0.8580159304961372
1 2 -0.8234831806475482
2 1 0.536313968156158
2 2 -0.07632557075292601
3 1 0.3206392333750765
3 2 0.3954246864490598
4 2 0.5199216556275932
5 1 0.6223402361635326
5 2 0.8408280233004592
7 1 0.820552515286564
7 2 0.7677571184728669
8 2 -0.21424711765650262
9 1 0.955024852728547
10 1 0.09817732761704656
11 1 -0.11321927887554128
11 2 -0.5043492597295531
12 1 -0.42700484614817413
12 2 0.023697569911299343
13 1 -0.0250847604979052
13 2 -0.9196794528517969
14 2 -0.09853185791304098
15 2 -0.39631231207133766
16 1 0.14334110546594636
16 2 -0.30051614075469546
17 1 0.38155883959901593
17 2 -0.5949565254590969
18 2 -0.6134040009815065
19 1 -0.4799857336028248
19 2 -0.9231141704146038
20 1 -0.749205075738695
20 2 0.16635363975249318
21 1 -0.06285175063837456
22 1 -0.09717224760057785
22 2 0.30116883823966467
23 1 0.0022219556032221366
23 2 0.40559084619638264
24 1 -0.0033280686465135823
25 1 -0.36070181872095963
25 2 -0.8167707696411328
27 1 0.7990159045955181
27 2 -0.01357701646625653
28 1 0.1166062335418061
29 1 -0.9043574412637105
29 2 -0.9433880859064361
30 1 0.11411250368685422
30 2 0.7734363192789544
31 1 -0.43145695210214585
31 2 0.8877273044317353
32 1 0.8833600456101802
32 2 -0.9842908480785921
33 1 -0.48290217841165806
33 2 -0.988236116954673
34 2 -0.40870955819830224
35 1 -0.7190057259038067
35 2 0.7543906666186291
36 1 0.29275242382640543
36 2 -0.4364868249683682
37 1 0.5030543789206119
37 2 -0.33309462309377436
38 1 -0.10359739315530514
38 2 0.9426143861269543
39 1 -0.7013016461062049
39 2 -0.8347823828904624
40 1 0.7797923425708244
42 1 0.48463601820597213
42 2 -0.6191377203616915
43 2 -0.8767511458569746
44 1 0.39713845694465766
44 2 0.619856465785307
45 2 0.6143386453994928
46 2 0.6631033062204246
47 1 -0.8692577755336799
47 2 -0.7603815269323655
48 2 -0.7075628062014632
49 1 -0.9986765732730827
50 1 -0.6177398080858383
50 2 -0.1471208475186485
51 1 -0.07491979509463098
51 2 0.019032136084196738
52 1 -0.972704943552027
52 2 0.9395713848992289
53 1 -0.7368539323598022
54 1 0.4350563059378332
55 1 -0.46934511194445383
55 2 0.9399609803674545
56 1 0.8807543433837228
56 2 -0.4250313162124606
58 1 0.35054444526467576
58 2 -0.5919207361030812
60 1 0.33897278756524196
60 2 -0.621986563108021
61 2 0.9061205149415681
62 1 -0.3237323123984954
62 2 0.11998187983851061
63 1 -0.2902927235180648
63 2 0.37382057287422454
64 1 -0.8730303258141261
64 2 -0.2517224257089381
65 1 0.2860944650672552
65 2 -0.8035443183534758
66 1 -0.7251273065038937
66 2 0.5188264519521004
67 2 -0.1862150541944707
68 1 0.509008789176228
68 2 -0.9315031334491248
69 2 0.22354393457072108
70 2 -0.8754981632072658
71 1 0.4539372934681203
71 2 -0.3200049559812299
72 1 -0.09156419221204892
72 2 -0.14876914744430536
74 1 0.3994593420952197
74 2 -0.38847218410558737
75 2 0.45864435049714136
76 1 -0.9193717963625732
76 2 -0.3644355069624883
77 1 -0.3594955783770799
77 2 0.7812209252156688
78 1 0.6237033474989393
78 2 0.9693511409980236
79 1 -0.9262689377373055
79 2 0.6626729705951944
80 1 0.13775897116594749
80 2 -0.8061577523334194
81 1 -0.7545666873020542
81 2 -0.9691723748187391
82 1 -0.06165589688628059
82 2 -0.22085974368936845
83 1 -0.7654516082843177
83 2 -0.7466634870703408
84 1 -0.09596544827461062
84 2 0.5720166963649254
85 1 -0.49836579089918076
85 2 0.05705628800099238
86 1 -0.536599994127861
88 1 -0.142195907978933
88 2 0.5535635981469054
90 1 0.32916869554618033
90 2 0.5329439001940515
91 1 0.5096174101443909
92 1 0.7110112838455078
92 2 0.18679508077488172
93 1 0.2856689217649917
93 2 -0.7766033294210533
94 1 -0.362112882645774
94 2 -0.6762745016576281
95 1 0.17956636192599418
95 2 -0.29545211665270976
96 1 -0.6237063386286217
96 2 -0.740302908903343
97 1 -0.9587675022988196
97 2 0.6328347440730013
98 1 -0.7964787122623183
98 2 0.6024332148299945
99 1 -0.6591903308972491
100 1 0.06308552583343974
100 2 -0.38511338484563007
101 1 0.1643295983668891
101 2 0.9398733768824001
102 1 -0.32670574059600344
102 2 0.22420492325389918
103 1 -0.35539546047756243
104 1 0.10243818707527597
105 2 0.5000583349484404
106 1 -0.9991403559860843
106 2 0.41860294592333425
107 1 -0.538047877467285
107 2 -0.2622502177161339
108 1 -0.6420464777672321
108 2 0.8931600431704549
109 1 -0.612198003701454
109 2 -0.35881272444442924
110 1 0.48515028530354876
110 2 -0.7228147871574926
111 1 -0.22849118704532057
111 2 0.4191276991025161
112 1 0.10452763924532116
112 2 0.0954652662403479
113 1 -0.8602185580169177
114 1 -0.9931063288285085
114 2 0.23764851131769338
116 1 -0.9968275315573472
116 2 -0.9555881266158168
117 2 -0.956163909607171
119 2 0.22907510149712285
120 1 0.17092362368394953
120 2 0.6504357657660562
121 1 -0.37957997817313793
121 2 -0.4788629854445372
122 1 0.3642281716346174
122 2 -0.18512640803566982
123 1 -0.22430064957255724
123 2 -0.3190650373163555
125 2 0.43931251187628817
126 1 -0.18269972925293976
126 2 -0.49596008261647184
127 1 0.8251311964098511
127 2 -0.5912267421773587
128 1 0.9072604340759005
128 2 -0.03462319761267452
129 1 0.8401927426701554
129 2 -0.9299740462798594
130 2 -0.20447436388499352
131 1 -0.6369602971669026
131 2 0.32502254826273047
132 1 0.6344375697419791
132 2 0.9485344352664056
133 1 0.356848288306556
133 2 -0.2391287698088198
134 1 -0.2963618516368003
134 2 -0.06240205441975433
135 1 0.03719446738117793
135 2 0.5032043274621787
136 1 0.873816670988683
137 1 0.9407542650838041
137 2 -0.399293498771651
138 1 -0.004981103603854953
138 2 0.9490909620033454
139 1 -0.01572105004219959
139 2 -0.029980388765527666
140 1 -0.5855127291913564
140 2 0.8599820263947273
141 1 -0.2308473476779247
142 1 -0.5201301997833245
142 2 -0.8663952486534321
144 1 0.9831546853698172
144 2 -0.06222633516338827
145 2 0.03427864226761268
146 2 0.5885854248286566
147 2 0.3834768729885383
148 1 0.9396878884666926
149 1 0.34529653289566875
149 2 -0.4978949617803612
150 2 -0.9631689814131574
151 1 -0.2702320971607761
151 2 0.9366936121658445
152 1 -0.16833087713388895
152 2 0.487088894588964
153 1 0.890562170639057
153 2 0.5802204619100968
154 1 -0.6867712241588488
154 2 0.44380660512722736
155 1 0.712794383384137
155 2 -0.30482593276918624
156 1 0.7112060776377334
157 1 0.1998081258178317
157 2 -0.2918264513099409
158 1 -0.9422383738314826
158 2 0.8485319157292159
159 1 0.04116687370615524
159 2 0.7505111399132505
160 1 0.5595089419788648
161 1 -0.40540339476556864
161 2 -0.2607195185804876
162 1 0.7408996589244163
162 2 -0.8765911985413759
163 1 0.8117394414753958
163 2 0.20358090400523632
164 1 -0.373944643940916
164 2 -0.16231356084147563
165 1 0.3345868514671544
165 2 -0.1313344886184744
166 1 0.23767083116113352
167 1 0.6710999775668898
167 2 -0.8999103107065121
168 1 0.7795060083058964
168 2 -0.7115597761480483
169 1 0.35266629531053795
170 1 -0.7306279287053707
170 2 -0.7454447330910816
171 1 -0.7173178148967108
171 2 -0.3271868209631221
172 1 0.10241010661576455
172 2 0.2192978759286286
173 1 -0.8953084491931875
174 1 -0.9501503736681574
174 2 -0.09144164628906748
175 1 -0.6498487465327167
176 1 0.5363259919335002
176 2 -0.8863934147863561
177 1 0.3700349562528815
178 2 -0.06813085688929221
180 2 0.556981236943326
181 1 -0.835024221476933
182 1 0.1661787237202108
183 2 -0.8334219104361096
184 2 0.7467182078984027
186 1 0.715306010676938
186 2 -0.37256646837195406
187 1 0.8346016304341386
187 2 0.34736716100580667
188 2 -0.5061636010307571
189 1 0.23618677351301098
189 2 0.9400897256065588
190 1 -0.41427941402056057
190 2 -0.34209091875137254
191 1 -0.6594769216723424
191 2 0.9829457836741979
192 2 -0.8446309682640731
193 1 -0.26727663729276974
193 2 0.2655868621073616
194 1 0.8991094685084033
195 1 0.8844745248712431
195 2 -0.8643765222422186
196 1 -0.17228553216745768
197 2 0.5354793202791117
198 1 0.16209022531986994
198 2 -0.12612622997476852
199 1 -0.6287783520589616
199 2 -0.024104445440861877
200 1 -0.8963552152633052
200 2 0.9368470441087238
201 1 0.8626551487175202
201 2 0.004866526952242545
202 1 -0.9822600513621407
202 2 0.2466057572875362
203 1 -0.8563795282114737
204 1 0.33572510178240744
205 1 -0.4155921408915102
205 2 -0.6769180924742078
206 1 0.4055015701156599
206 2 0.6700502155849204
207 2 0.38893111524431134
208 1 0.9769278822046528
209 1 -0.674628329420174
209 2 0.6798686725396124
210 1 0.43418116722305733
211 1 -0.38448040133847305
211 2 0.9011201020190429
212 1 -0.33079915754233724
212 2 -0.8183880082008692
213 1 -0.5256493828920756
214 1 -0.5648984965731965
215 1 0.8020725438476239
215 2 0.9606409534010159
216 1 -0.9262668128882314
216 2 -0.6565050202728435
217 1 0.5375639773409913
217 2 0.055045476180221264
218 1 0.9093404257943407
218 2 -0.6773588163599851
219 2 0.6140977713107933
220 2 -0.7972473158123679
221 1 0.5177950811521745
221 2 0.3992461456333338
222 1 0.04929212816615269
222 2 0.8867100971137298
223 1 0.3834275218553691
224 1 0.5408421225917885
224 2 0.05200577860258382
225 2 0.5312020871758776
226 1 -0.37878015732269676
226 2 0.9966303042389046
227 1 0.4147202521779989
227 2 0.656862780734633
228 2 -0.41994868768771876
229 1 -0.21491464679209615
229 2 0.8543382833634452
230 1 0.49646127926805317
230 2 0.831591390073992
231 1 -0.37459170560582766
231 2 -0.6020462187450897
232 1 0.9672426850321398
232 2 -0.10215589775222145
233 2 -0.9957826188699397
234 1 0.32771691240748857
234 2 -0.45062761115436367
235 1 -0.4327331552268754
235 2 -0.16412446078214282
236 1 0.13047462209280103
236 2 0.12104099267725443
237 1 0.21468862227815588
238 1 0.16198442875053742
238 2 -0.16204274285328402
239 1 0.2606729789819606
239 2 0.8024021974126305
240 1 0.5117587735679061
240 2 -0.3487756170412002
241 1 -0.05607677879173334
241 2 0.28283564583435217
243 1 -0.01406762627675584
243 2 0.6986765654564382
244 1 -0.06874916807115206
245 1 -0.9486118086146063
246 1 0.17335468509519103
246 2 -0.4963916192341731
247 1 -0.31478041680860636
247 2 -0.2504649055674584
248 1 0.9545746959879131
249 1 -0.5893217112115219
249 2 0.45773670460550253
250 1 -0.12815551276585269
251 1 -0.47347601127184635
251 2 0.8840004637184651
252 1 -0.21063493354095142
252 2 0.957269780187856
253 1 -0.5785100478411567
253 2 -0.9481182119244025
254 1 -0.3973394599679607
255 2 0.5023872637591413
256 2 0.34471773288326135
257 1 0.9171786565168845
257 2 -0.24456565062570612
259 1 0.3263565842393732
259 2 -0.8327790391751184
260 1 0.8944905393450875
260 2 0.2656889640410689
261 1 -0.39624769694269646
261 2 -0.08280341599869345
262 2 -0.20524054803893832
263 2 0.14622165473676674
264 1 -0.5575198628538061
264 2 0.7316487159360221
265 2 0.9155597872292669
266 2 0.38516186543197106
267 1 0.8875584947586692
267 2 -0.9298412464532699
268 1 0.41804831120622254
269 1 0.32290457626045677
270 1 -0.33851403808716674
270 2 0.20293251210595398
271 1 0.8793499783244001
271 2 -0.6631617047479148
272 1 -0.01745430174885043
272 2 -0.8913236880437008
273 1 0.09989939436133621
273 2 -0.3900884031283194
274 2 0.5653233390532884
275 1 0.5052152356054156
275 2 0.897052278096375
276 1 0.801348218127776
276 2 0.1337655656905794
277 1 -0.9927916406711197
277 2 0.4928069578478609
278 1 0.7071483188279042
278 2 0.33347727694938833
279 1 0.3628240427212541
279 2 0.6207915082780013
280 1 -0.6546125344876104
280 2 0.029696254550348966
281 2 0.4945751763978965
283 1 0.6870019534461655
283 2 -0.07823655799681384
284 1 0.1158409304561101
284 2 0.19219975006444012
285 1 0.4606419853782515
285 2 0.5117063702223652
286 1 -0.8272988945306725
287 2 -0.7015020010308568
288 1 0.3788071191154936
288 2 0.0958864528794745
289 1 -0.39506531053971483
290 1 -0.6701406653790105
291 1 -0.6107879171271076
291 2 -0.7113552204886204
292 1 0.7354989176733253
292 2 0.25872089150545885
293 1 -0.598049687816987
293 2 -0.15561085694668608
294 1 0.8013698061098082
294 2 -0.6455821587385231
295 1 -0.5555897030371275
296 1 0.7072783676363668
296 2 -0.8599257473261082
297 1 -0.1749539022288653
297 2 -0.5667156106210143
298 1 -0.31294135081896757
298 2 0.7830364287623595
299 1 -0.7248783621216479
299 2 -0.34444753444421283
300 1 0.37926031592860565
300 2 0.49805718300103385
