%%MatrixMarket matrix coordinate real general
300 2 472
1 1 -.8580159304961372
2 1 .536313968156158
3 1 .3206392333750765
5 1 .6223402361635326
7 1 .820552515286564
9 1 .955024852728547
10 1 .09817732761704656
11 1 -.11321927887554128
12 1 -.42700484614817413
13 1 -.0250847604979052
16 1 .14334110546594636
17 1 .38155883959901593
19 1 -.4799857336028248
20 1 -.749205075738695
21 1 -.06285175063837456
22 1 -.09717224760057785
23 1 .0022219556032221366
24 1 -.0033280686465135823
25 1 -.36070181872095963
27 1 .7990159045955181
28 1 .1166062335418061
29 1 -.9043574412637105
30 1 .11411250368685422
31 1 -.43145695210214585
32 1 .8833600456101802
33 1 -.48290217841165806
35 1 -.7190057259038067
36 1 .29275242382640543
37 1 .5030543789206119
38 1 -.10359739315530514
39 1 -.7013016461062049
40 1 .7797923425708244
42 1 .48463601820597213
44 1 .39713845694465766
47 1 -.8692577755336799
49 1 -.9986765732730827
50 1 -.6177398080858383
51 1 -.07491979509463098
52 1 -.972704943552027
53 1 -.7368539323598022
54 1 .4350563059378332
55 1 -.46934511194445383
56 1 .8807543433837228
58 1 .35054444526467576
60 1 .33897278756524196
62 1 -.3237323123984954
63 1 -.2902927235180648
64 1 -.8730303258141261
65 1 .2860944650672552
66 1 -.7251273065038937
68 1 .509008789176228
71 1 .4539372934681203
72 1 -.09156419221204892
74 1 .3994593420952197
76 1 -.9193717963625732
77 1 -.3594955783770799
78 1 .6237033474989393
79 1 -.9262689377373055
80 1 .13775897116594749
81 1 -.7545666873020542
82 1 -.06165589688628059
83 1 -.7654516082843177
84 1 -.09596544827461062
85 1 -.49836579089918076
86 1 -.536599994127861
88 1 -.142195907978933
90 1 .32916869554618033
91 1 .5096174101443909
92 1 .7110112838455078
93 1 .2856689217649917
94 1 -.362112882645774
95 1 .17956636192599418
96 1 -.6237063386286217
97 1 -.9587675022988196
98 1 -.7964787122623183
99 1 -.6591903308972491
100 1 .06308552583343974
101 1 .1643295983668891
102 1 -.32670574059600344
103 1 -.35539546047756243
104 1 .10243818707527597
106 1 -.9991403559860843
107 1 -.538047877467285
108 1 -.6420464777672321
109 1 -.612198003701454
110 1 .48515028530354876
111 1 -.22849118704532057
112 1 .10452763924532116
113 1 -.8602185580169177
114 1 -.9931063288285085
116 1 -.9968275315573472
120 1 .17092362368394953
121 1 -.37957997817313793
122 1 .3642281716346174
123 1 -.22430064957255724
126 1 -.18269972925293976
127 1 .8251311964098511
128 1 .9072604340759005
129 1 .8401927426701554
131 1 -.6369602971669026
132 1 .6344375697419791
133 1 .356848288306556
134 1 -.2963618516368003
135 1 .03719446738117793
136 1 .873816670988683
137 1 .9407542650838041
138 1 -.004981103603854953
139 1 -.01572105004219959
140 1 -.5855127291913564
141 1 -.2308473476779247
142 1 -.5201301997833245
144 1 .9831546853698172
148 1 .9396878884666926
149 1 .34529653289566875
151 1 -.2702320971607761
152 1 -.16833087713388895
153 1 .890562170639057
154 1 -.6867712241588488
155 1 .712794383384137
156 1 .7112060776377334
157 1 .1998081258178317
158 1 -.9422383738314826
159 1 .04116687370615524
160 1 .5595089419788648
161 1 -.40540339476556864
162 1 .7408996589244163
163 1 .8117394414753958
164 1 -.373944643940916
165 1 .3345868514671544
166 1 .23767083116113352
167 1 .6710999775668898
168 1 .7795060083058964
169 1 .35266629531053795
170 1 -.7306279287053707
171 1 -.7173178148967108
172 1 .10241010661576455
173 1 -.8953084491931875
174 1 -.9501503736681574
175 1 -.6498487465327167
176 1 .5363259919335002
177 1 .3700349562528815
181 1 -.835024221476933
182 1 .1661787237202108
186 1 .715306010676938
187 1 .8346016304341386
189 1 .23618677351301098
190 1 -.41427941402056057
191 1 -.6594769216723424
193 1 -.26727663729276974
194 1 .8991094685084033
195 1 .8844745248712431
196 1 -.17228553216745768
198 1 .16209022531986994
199 1 -.6287783520589616
200 1 -.8963552152633052
201 1 .8626551487175202
202 1 -.9822600513621407
203 1 -.8563795282114737
204 1 .33572510178240744
205 1 -.4155921408915102
206 1 .4055015701156599
208 1 .9769278822046528
209 1 -.674628329420174
210 1 .43418116722305733
211 1 -.38448040133847305
212 1 -.33079915754233724
213 1 -.5256493828920756
214 1 -.5648984965731965
215 1 .8020725438476239
216 1 -.9262668128882314
217 1 .5375639773409913
218 1 .9093404257943407
221 1 .5177950811521745
222 1 .04929212816615269
223 1 .3834275218553691
224 1 .5408421225917885
226 1 -.37878015732269676
227 1 .4147202521779989
229 1 -.21491464679209615
230 1 .49646127926805317
231 1 -.37459170560582766
232 1 .9672426850321398
234 1 .32771691240748857
235 1 -.4327331552268754
236 1 .13047462209280103
237 1 .21468862227815588
238 1 .16198442875053742
239 1 .2606729789819606
240 1 .5117587735679061
241 1 -.05607677879173334
243 1 -.01406762627675584
244 1 -.06874916807115206
245 1 -.9486118086146063
246 1 .17335468509519103
247 1 -.31478041680860636
248 1 .9545746959879131
249 1 -.5893217112115219
250 1 -.12815551276585269
251 1 -.47347601127184635
252 1 -.21063493354095142
253 1 -.5785100478411567
254 1 -.3973394599679607
257 1 .9171786565168845
259 1 .3263565842393732
260 1 .8944905393450875
261 1 -.39624769694269646
264 1 -.5575198628538061
267 1 .8875584947586692
268 1 .41804831120622254
269 1 .32290457626045677
270 1 -.33851403808716674
271 1 .8793499783244001
272 1 -.01745430174885043
273 1 .09989939436133621
275 1 .5052152356054156
276 1 .801348218127776
277 1 -.9927916406711197
278 1 .7071483188279042
279 1 .3628240427212541
280 1 -.6546125344876104
283 1 .6870019534461655
284 1 .1158409304561101
285 1 .4606419853782515
286 1 -.8272988945306725
288 1 .3788071191154936
289 1 -.39506531053971483
290 1 -.6701406653790105
291 1 -.6107879171271076
292 1 .7354989176733253
293 1 -.598049687816987
294 1 .8013698061098082
295 1 -.5555897030371275
296 1 .7072783676363668
297 1 -.1749539022288653
298 1 -.31294135081896757
299 1 -.7248783621216479
300 1 .37926031592860565
1 2 -.8234831806475482
2 2 -.07632557075292601
3 2 .3954246864490598
4 2 .5199216556275932
5 2 .8408280233004592
7 2 .7677571184728669
8 2 -.21424711765650262
11 2 -.5043492597295531
12 2 .023697569911299343
13 2 -.9196794528517969
14 2 -.09853185791304098
15 2 -.39631231207133766
16 2 -.30051614075469546
17 2 -.5949565254590969
18 2 -.6134040009815065
19 2 -.9231141704146038
20 2 .16635363975249318
22 2 .30116883823966467
23 2 .40559084619638264
25 2 -.8167707696411328
27 2 -.01357701646625653
29 2 -.9433880859064361
30 2 .7734363192789544
31 2 .8877273044317353
32 2 -.9842908480785921
33 2 -.988236116954673
34 2 -.40870955819830224
35 2 .7543906666186291
36 2 -.4364868249683682
37 2 -.33309462309377436
38 2 .9426143861269543
39 2 -.8347823828904624
42 2 -.6191377203616915
43 2 -.8767511458569746
44 2 .619856465785307
45 2 .6143386453994928
46 2 .6631033062204246
47 2 -.7603815269323655
48 2 -.7075628062014632
50 2 -.1471208475186485
51 2 .019032136084196738
52 2 .9395713848992289
55 2 .9399609803674545
56 2 -.4250313162124606
58 2 -.5919207361030812
60 2 -.621986563108021
61 2 .9061205149415681
62 2 .11998187983851061
63 2 .37382057287422454
64 2 -.2517224257089381
65 2 -.8035443183534758
66 2 .5188264519521004
67 2 -.1862150541944707
68 2 -.9315031334491248
69 2 .22354393457072108
70 2 -.8754981632072658
71 2 -.3200049559812299
72 2 -.14876914744430536
74 2 -.38847218410558737
75 2 .45864435049714136
76 2 -.3644355069624883
77 2 .7812209252156688
78 2 .9693511409980236
79 2 .6626729705951944
80 2 -.8061577523334194
81 2 -.9691723748187391
82 2 -.22085974368936845
83 2 -.7466634870703408
84 2 .5720166963649254
85 2 .05705628800099238
88 2 .5535635981469054
90 2 .5329439001940515
92 2 .18679508077488172
93 2 -.7766033294210533
94 2 -.6762745016576281
95 2 -.29545211665270976
96 2 -.740302908903343
97 2 .6328347440730013
98 2 .6024332148299945
100 2 -.38511338484563007
101 2 .9398733768824001
102 2 .22420492325389918
105 2 .5000583349484404
106 2 .41860294592333425
107 2 -.2622502177161339
108 2 .8931600431704549
109 2 -.35881272444442924
110 2 -.7228147871574926
111 2 .4191276991025161
112 2 .0954652662403479
114 2 .23764851131769338
116 2 -.9555881266158168
117 2 -.956163909607171
119 2 .22907510149712285
120 2 .6504357657660562
121 2 -.4788629854445372
122 2 -.18512640803566982
123 2 -.3190650373163555
125 2 .43931251187628817
126 2 -.49596008261647184
127 2 -.5912267421773587
128 2 -.03462319761267452
129 2 -.9299740462798594
130 2 -.20447436388499352
131 2 .32502254826273047
132 2 .9485344352664056
133 2 -.2391287698088198
134 2 -.06240205441975433
135 2 .5032043274621787
137 2 -.399293498771651
138 2 .9490909620033454
139 2 -.029980388765527666
140 2 .8599820263947273
142 2 -.8663952486534321
144 2 -.06222633516338827
145 2 .03427864226761268
146 2 .5885854248286566
147 2 .3834768729885383
149 2 -.4978949617803612
150 2 -.9631689814131574
151 2 .9366936121658445
152 2 .487088894588964
153 2 .5802204619100968
154 2 .44380660512722736
155 2 -.30482593276918624
157 2 -.2918264513099409
158 2 .8485319157292159
159 2 .7505111399132505
161 2 -.2607195185804876
162 2 -.8765911985413759
163 2 .20358090400523632
164 2 -.16231356084147563
165 2 -.1313344886184744
167 2 -.8999103107065121
168 2 -.7115597761480483
170 2 -.7454447330910816
171 2 -.3271868209631221
172 2 .2192978759286286
174 2 -.09144164628906748
176 2 -.8863934147863561
178 2 -.06813085688929221
180 2 .556981236943326
183 2 -.8334219104361096
184 2 .7467182078984027
186 2 -.37256646837195406
187 2 .34736716100580667
188 2 -.5061636010307571
189 2 .9400897256065588
190 2 -.34209091875137254
191 2 .9829457836741979
192 2 -.8446309682640731
193 2 .2655868621073616
195 2 -.8643765222422186
197 2 .5354793202791117
198 2 -.12612622997476852
199 2 -.024104445440861877
200 2 .9368470441087238
201 2 .004866526952242545
202 2 .2466057572875362
205 2 -.6769180924742078
206 2 .6700502155849204
207 2 .38893111524431134
209 2 .6798686725396124
211 2 .9011201020190429
212 2 -.8183880082008692
215 2 .9606409534010159
216 2 -.6565050202728435
217 2 .055045476180221264
218 2 -.6773588163599851
219 2 .6140977713107933
220 2 -.7972473158123679
221 2 .3992461456333338
222 2 .8867100971137298
224 2 .05200577860258382
225 2 .5312020871758776
226 2 .9966303042389046
227 2 .656862780734633
228 2 -.41994868768771876
229 2 .8543382833634452
230 2 .831591390073992
231 2 -.6020462187450897
232 2 -.10215589775222145
233 2 -.9957826188699397
234 2 -.45062761115436367
235 2 -.16412446078214282
236 2 .12104099267725443
238 2 -.16204274285328402
239 2 .8024021974126305
240 2 -.3487756170412002
241 2 .28283564583435217
243 2 .6986765654564382
246 2 -.4963916192341731
247 2 -.2504649055674584
249 2 .45773670460550253
251 2 .8840004637184651
252 2 .957269780187856
253 2 -.9481182119244025
255 2 .5023872637591413
256 2 .34471773288326135
257 2 -.24456565062570612
259 2 -.8327790391751184
260 2 .2656889640410689
261 2 -.08280341599869345
262 2 -.20524054803893832
263 2 .14622165473676674
264 2 .7316487159360221
265 2 .9155597872292669
266 2 .38516186543197106
267 2 -.9298412464532699
270 2 .20293251210595398
271 2 -.6631617047479148
272 2 -.8913236880437008
273 2 -.3900884031283194
274 2 .5653233390532884
275 2 .897052278096375
276 2 .1337655656905794
277 2 .4928069578478609
278 2 .33347727694938833
279 2 .6207915082780013
280 2 .029696254550348966
281 2 .4945751763978965
283 2 -.07823655799681384
284 2 .19219975006444012
285 2 .5117063702223652
287 2 -.7015020010308568
288 2 .0958864528794745
291 2 -.7113552204886204
292 2 .25872089150545885
293 2 -.15561085694668608
294 2 -.6455821587385231
296 2 -.8599257473261082
297 2 -.5667156106210143
298 2 .7830364287623595
299 2 -.34444753444421283
300 2 .49805718300103385
