Calling the Direct Solver...
SliceFinder: starting with X:...
2,000 2,000 1,000 2,000
1,000 2,000 1,000 1,000
1,000 3,000 3,000 2,000
2,000 2,000 1,000 2,000

SliceFinder: D:...

SliceFinder: m:...
4
SliceFinder: n:...
4
SliceFinder: fdom:...
2,000 3,000 3,000 2,000

SliceFinder: foffb:...
0,000 2,000 5,000 8,000

SliceFinder: foffe:...
2,000 5,000 8,000 10,000

SliceFinder: rix:...
1,000
1,000
1,000
1,000
2,000
2,000
2,000
2,000
3,000
3,000
3,000
3,000
4,000
4,000
4,000
4,000

SliceFinder: cix:...
2,000
4,000
6,000
10,000
1,000
4,000
6,000
9,000
1,000
5,000
8,000
10,000
2,000
4,000
6,000
10,000

SliceFinder: X2:...
0,000 1,000 0,000 1,000 0,000 1,000 0,000 0,000 0,000 1,000
1,000 0,000 0,000 1,000 0,000 1,000 0,000 0,000 1,000 0,000
1,000 0,000 0,000 0,000 1,000 0,000 0,000 1,000 0,000 1,000
0,000 1,000 0,000 1,000 0,000 1,000 0,000 0,000 0,000 1,000

SliceFinder: n2:...
10
SliceFinder: eAvg:...
1.8093597620172375E-8
createAndScoreBasicSlices: n2:...
10
createAndScoreBasicSlices: cCnts:...
2,000
2,000
0,000
3,000
1,000
3,000
0,000
1,000
1,000
3,000

createAndScoreBasicSlices: err:...
0,000
0,000
0,000
0,000
0,000
0,000
0,000
0,000
0,000
0,000

createAndScoreBasicSlices: merr:...
0,000
0,000
0,000
0,000
0,000
0,000
0,000
0,000
0,000
0,000

createAndScoreBasicSlices: dropping 2/10 features below minSup = 1.
createAndScoreBasicSlices: selCols:...
1,000
1,000
0,000
1,000
1,000
1,000
0,000
1,000
1,000
1,000

createAndScoreBasicSlices: attr:...
1,000
2,000
4,000
5,000
6,000
8,000
9,000
10,000

createAndScoreBasicSlices: ss:...
2,000
2,000
3,000
1,000
3,000
1,000
1,000
3,000

createAndScoreBasicSlices: se:...
0,000
0,000
0,000
0,000
0,000
0,000
0,000
0,000

createAndScoreBasicSlices: sm:...
0,000
0,000
0,000
0,000
0,000
0,000
0,000
0,000

createAndScoreBasicSlices: S:...
1,000 0,000 0,000 0,000 0,000 0,000 0,000 0,000 0,000 0,000
0,000 1,000 0,000 0,000 0,000 0,000 0,000 0,000 0,000 0,000
0,000 0,000 0,000 1,000 0,000 0,000 0,000 0,000 0,000 0,000
0,000 0,000 0,000 0,000 1,000 0,000 0,000 0,000 0,000 0,000
0,000 0,000 0,000 0,000 0,000 1,000 0,000 0,000 0,000 0,000
0,000 0,000 0,000 0,000 0,000 0,000 0,000 1,000 0,000 0,000
0,000 0,000 0,000 0,000 0,000 0,000 0,000 0,000 1,000 0,000
0,000 0,000 0,000 0,000 0,000 0,000 0,000 0,000 0,000 1,000

Score: sc:...
0,652
-0,652
0,254
-0,761
0,254
-0,761
2,066
-0,689

Score: sc:...
0,652
-0,652
0,254
-0,761
0,254
-0,761
2,066
-0,689

createAndScoreBasicSlices: sc:...
0,652
-0,652
0,254
-0,761
0,254
-0,761
2,066
-0,689

createAndScoreBasicSlices: R:...
0,652 0,000 0,000 2,000
-0,652 0,000 0,000 2,000
0,254 0,000 0,000 3,000
-0,761 0,000 0,000 1,000
0,254 0,000 0,000 3,000
-0,761 0,000 0,000 1,000
2,066 0,000 0,000 1,000
-0,689 0,000 0,000 3,000

SliceFinder: S:...
1,000 0,000 0,000 0,000 0,000 0,000 0,000 0,000 0,000 0,000
0,000 1,000 0,000 0,000 0,000 0,000 0,000 0,000 0,000 0,000
0,000 0,000 0,000 1,000 0,000 0,000 0,000 0,000 0,000 0,000
0,000 0,000 0,000 0,000 1,000 0,000 0,000 0,000 0,000 0,000
0,000 0,000 0,000 0,000 0,000 1,000 0,000 0,000 0,000 0,000
0,000 0,000 0,000 0,000 0,000 0,000 0,000 1,000 0,000 0,000
0,000 0,000 0,000 0,000 0,000 0,000 0,000 0,000 1,000 0,000
0,000 0,000 0,000 0,000 0,000 0,000 0,000 0,000 0,000 1,000

SliceFinder: R:...
0,652 0,000 0,000 2,000
-0,652 0,000 0,000 2,000
0,254 0,000 0,000 3,000
-0,761 0,000 0,000 1,000
0,254 0,000 0,000 3,000
-0,761 0,000 0,000 1,000
2,066 0,000 0,000 1,000
-0,689 0,000 0,000 3,000

maintainTopK: I:...
1,000
0,000
1,000
0,000
1,000
0,000
1,000
0,000

maintainTopK: S:...
1,000 0,000 0,000 0,000 0,000 0,000 0,000 0,000 0,000 0,000
0,000 0,000 0,000 1,000 0,000 0,000 0,000 0,000 0,000 0,000
0,000 0,000 0,000 0,000 0,000 1,000 0,000 0,000 0,000 0,000
0,000 0,000 0,000 0,000 0,000 0,000 0,000 0,000 1,000 0,000

maintainTopK: R:...
0,652 0,000 0,000 2,000
0,254 0,000 0,000 3,000
0,254 0,000 0,000 3,000
2,066 0,000 0,000 1,000

maintainTopK: slices:...
maintainTopK: scores:...
maintainTopK: IX:...
4,000
1,000
2,000
3,000

maintainTopK: IX:...
4,000
1,000

maintainTopK: P:...
0,000 0,000 0,000 1,000
1,000 0,000 0,000 0,000

maintainTopK: TK:...
0,000 0,000 0,000 0,000 0,000 0,000 0,000 0,000 1,000 0,000
1,000 0,000 0,000 0,000 0,000 0,000 0,000 0,000 0,000 0,000

maintainTopK: TKC:...
2,066 0,000 0,000 1,000
0,652 0,000 0,000 2,000

SliceFinder: TK:...
0,000 0,000 0,000 0,000 0,000 0,000 0,000 0,000 1,000 0,000
1,000 0,000 0,000 0,000 0,000 0,000 0,000 0,000 0,000 0,000

SliceFinder: TKC:...
2,066 0,000 0,000 1,000
0,652 0,000 0,000 2,000

analyzeTopK: TKC:...
2,066 0,000 0,000 1,000
0,652 0,000 0,000 2,000

analyzeTopK: minsc:...
-Infinity
analyzeTopK: maxsc:...
2.0655160710749736
analyzeTopK: minsc:...
0.6523387708043433
SliceFinder: initial top-K: count=2, max=2.0655160710749736, min=0.6523387708043433 (time=30271625)
SliceFinder: D:...
1,000 10,000 8,000 2,066 0,652

SliceFinder: X2:...
0,000 1,000 1,000 0,000 1,000 0,000 0,000 1,000
1,000 0,000 1,000 0,000 1,000 0,000 1,000 0,000
1,000 0,000 0,000 1,000 0,000 1,000 0,000 1,000
0,000 1,000 1,000 0,000 1,000 0,000 0,000 1,000

SliceFinder: maxL:...
4
SliceFinder: level:...
1
SliceFinder: level:...
2
SliceFinder: nrS:...
8
getPairedCandidates: pI:...
1,000
1,000
1,000
1,000
1,000
1,000
1,000
1,000

getPairedCandidates: S:...
1,000 0,000 0,000 0,000 0,000 0,000 0,000 0,000 0,000 0,000
0,000 1,000 0,000 0,000 0,000 0,000 0,000 0,000 0,000 0,000
0,000 0,000 0,000 1,000 0,000 0,000 0,000 0,000 0,000 0,000
0,000 0,000 0,000 0,000 1,000 0,000 0,000 0,000 0,000 0,000
0,000 0,000 0,000 0,000 0,000 1,000 0,000 0,000 0,000 0,000
0,000 0,000 0,000 0,000 0,000 0,000 0,000 1,000 0,000 0,000
0,000 0,000 0,000 0,000 0,000 0,000 0,000 0,000 1,000 0,000
0,000 0,000 0,000 0,000 0,000 0,000 0,000 0,000 0,000 1,000

getPairedCandidates: R:...
0,652 0,000 0,000 2,000
-0,652 0,000 0,000 2,000
0,254 0,000 0,000 3,000
-0,761 0,000 0,000 1,000
0,254 0,000 0,000 3,000
-0,761 0,000 0,000 1,000
2,066 0,000 0,000 1,000
-0,689 0,000 0,000 3,000

getPairedCandidates: join:...
0,000 1,000 1,000 1,000 1,000 1,000 1,000 1,000
1,000 0,000 1,000 1,000 1,000 1,000 1,000 1,000
1,000 1,000 0,000 1,000 1,000 1,000 1,000 1,000
1,000 1,000 1,000 0,000 1,000 1,000 1,000 1,000
1,000 1,000 1,000 1,000 0,000 1,000 1,000 1,000
1,000 1,000 1,000 1,000 1,000 0,000 1,000 1,000
1,000 1,000 1,000 1,000 1,000 1,000 0,000 1,000
1,000 1,000 1,000 1,000 1,000 1,000 1,000 0,000

getPairedCandidates: I:...
0,000 1,000 1,000 1,000 1,000 1,000 1,000 1,000
0,000 0,000 1,000 1,000 1,000 1,000 1,000 1,000
0,000 0,000 0,000 1,000 1,000 1,000 1,000 1,000
0,000 0,000 0,000 0,000 1,000 1,000 1,000 1,000
0,000 0,000 0,000 0,000 0,000 1,000 1,000 1,000
0,000 0,000 0,000 0,000 0,000 0,000 1,000 1,000
0,000 0,000 0,000 0,000 0,000 0,000 0,000 1,000
0,000 0,000 0,000 0,000 0,000 0,000 0,000 0,000

getPairedCandidates: nr:...
8
getPairedCandidates: rix:...
0,000
1,000
1,000
1,000
1,000
1,000
1,000
1,000
0,000
0,000
2,000
2,000
2,000
2,000
2,000
2,000
0,000
0,000
0,000
3,000
3,000
3,000
3,000
3,000
0,000
0,000
0,000
0,000
4,000
4,000
4,000
4,000
0,000
0,000
0,000
0,000
0,000
5,000
5,000
5,000
0,000
0,000
0,000
0,000
0,000
0,000
6,000
6,000
0,000
0,000
0,000
0,000
0,000
0,000
0,000
7,000
0,000
0,000
0,000
0,000
0,000
0,000
0,000
0,000

getPairedCandidates: cix:...
0,000
2,000
3,000
4,000
5,000
6,000
7,000
8,000
0,000
0,000
3,000
4,000
5,000
6,000
7,000
8,000
0,000
0,000
0,000
4,000
5,000
6,000
7,000
8,000
0,000
0,000
0,000
0,000
5,000
6,000
7,000
8,000
0,000
0,000
0,000
0,000
0,000
6,000
7,000
8,000
0,000
0,000
0,000
0,000
0,000
0,000
7,000
8,000
0,000
0,000
0,000
0,000
0,000
0,000
0,000
8,000
0,000
0,000
0,000
0,000
0,000
0,000
0,000
0,000

getPairedCandidates: rix:...
1,000
1,000
1,000
1,000
1,000
1,000
1,000
2,000
2,000
2,000
2,000
2,000
2,000
3,000
3,000
3,000
3,000
3,000
4,000
4,000
4,000
4,000
5,000
5,000
5,000
6,000
6,000
7,000

getPairedCandidates: cix:...
2,000
3,000
4,000
5,000
6,000
7,000
8,000
3,000
4,000
5,000
6,000
7,000
8,000
4,000
5,000
6,000
7,000
8,000
5,000
6,000
7,000
8,000
6,000
7,000
8,000
7,000
8,000
8,000

getPairedCandidates: P:...

getPairedCandidates: P1:...
1,000 0,000 0,000 0,000 0,000 0,000 0,000 0,000
1,000 0,000 0,000 0,000 0,000 0,000 0,000 0,000
1,000 0,000 0,000 0,000 0,000 0,000 0,000 0,000
1,000 0,000 0,000 0,000 0,000 0,000 0,000 0,000
1,000 0,000 0,000 0,000 0,000 0,000 0,000 0,000
1,000 0,000 0,000 0,000 0,000 0,000 0,000 0,000
1,000 0,000 0,000 0,000 0,000 0,000 0,000 0,000
0,000 1,000 0,000 0,000 0,000 0,000 0,000 0,000
0,000 1,000 0,000 0,000 0,000 0,000 0,000 0,000
0,000 1,000 0,000 0,000 0,000 0,000 0,000 0,000
0,000 1,000 0,000 0,000 0,000 0,000 0,000 0,000
0,000 1,000 0,000 0,000 0,000 0,000 0,000 0,000
0,000 1,000 0,000 0,000 0,000 0,000 0,000 0,000
0,000 0,000 1,000 0,000 0,000 0,000 0,000 0,000
0,000 0,000 1,000 0,000 0,000 0,000 0,000 0,000
0,000 0,000 1,000 0,000 0,000 0,000 0,000 0,000
0,000 0,000 1,000 0,000 0,000 0,000 0,000 0,000
0,000 0,000 1,000 0,000 0,000 0,000 0,000 0,000
0,000 0,000 0,000 1,000 0,000 0,000 0,000 0,000
0,000 0,000 0,000 1,000 0,000 0,000 0,000 0,000
0,000 0,000 0,000 1,000 0,000 0,000 0,000 0,000
0,000 0,000 0,000 1,000 0,000 0,000 0,000 0,000
0,000 0,000 0,000 0,000 1,000 0,000 0,000 0,000
0,000 0,000 0,000 0,000 1,000 0,000 0,000 0,000
0,000 0,000 0,000 0,000 1,000 0,000 0,000 0,000
0,000 0,000 0,000 0,000 0,000 1,000 0,000 0,000
0,000 0,000 0,000 0,000 0,000 1,000 0,000 0,000
0,000 0,000 0,000 0,000 0,000 0,000 1,000 0,000

getPairedCandidates: P2:...
0,000 1,000 0,000 0,000 0,000 0,000 0,000 0,000
0,000 0,000 1,000 0,000 0,000 0,000 0,000 0,000
0,000 0,000 0,000 1,000 0,000 0,000 0,000 0,000
0,000 0,000 0,000 0,000 1,000 0,000 0,000 0,000
0,000 0,000 0,000 0,000 0,000 1,000 0,000 0,000
0,000 0,000 0,000 0,000 0,000 0,000 1,000 0,000
0,000 0,000 0,000 0,000 0,000 0,000 0,000 1,000
0,000 0,000 1,000 0,000 0,000 0,000 0,000 0,000
0,000 0,000 0,000 1,000 0,000 0,000 0,000 0,000
0,000 0,000 0,000 0,000 1,000 0,000 0,000 0,000
0,000 0,000 0,000 0,000 0,000 1,000 0,000 0,000
0,000 0,000 0,000 0,000 0,000 0,000 1,000 0,000
0,000 0,000 0,000 0,000 0,000 0,000 0,000 1,000
0,000 0,000 0,000 1,000 0,000 0,000 0,000 0,000
0,000 0,000 0,000 0,000 1,000 0,000 0,000 0,000
0,000 0,000 0,000 0,000 0,000 1,000 0,000 0,000
0,000 0,000 0,000 0,000 0,000 0,000 1,000 0,000
0,000 0,000 0,000 0,000 0,000 0,000 0,000 1,000
0,000 0,000 0,000 0,000 1,000 0,000 0,000 0,000
0,000 0,000 0,000 0,000 0,000 1,000 0,000 0,000
0,000 0,000 0,000 0,000 0,000 0,000 1,000 0,000
0,000 0,000 0,000 0,000 0,000 0,000 0,000 1,000
0,000 0,000 0,000 0,000 0,000 1,000 0,000 0,000
0,000 0,000 0,000 0,000 0,000 0,000 1,000 0,000
0,000 0,000 0,000 0,000 0,000 0,000 0,000 1,000
0,000 0,000 0,000 0,000 0,000 0,000 1,000 0,000
0,000 0,000 0,000 0,000 0,000 0,000 0,000 1,000
0,000 0,000 0,000 0,000 0,000 0,000 0,000 1,000

getPairedCandidates: P12:...
1,000 1,000 0,000 0,000 0,000 0,000 0,000 0,000
1,000 0,000 1,000 0,000 0,000 0,000 0,000 0,000
1,000 0,000 0,000 1,000 0,000 0,000 0,000 0,000
1,000 0,000 0,000 0,000 1,000 0,000 0,000 0,000
1,000 0,000 0,000 0,000 0,000 1,000 0,000 0,000
1,000 0,000 0,000 0,000 0,000 0,000 1,000 0,000
1,000 0,000 0,000 0,000 0,000 0,000 0,000 1,000
0,000 1,000 1,000 0,000 0,000 0,000 0,000 0,000
0,000 1,000 0,000 1,000 0,000 0,000 0,000 0,000
0,000 1,000 0,000 0,000 1,000 0,000 0,000 0,000
0,000 1,000 0,000 0,000 0,000 1,000 0,000 0,000
0,000 1,000 0,000 0,000 0,000 0,000 1,000 0,000
0,000 1,000 0,000 0,000 0,000 0,000 0,000 1,000
0,000 0,000 1,000 1,000 0,000 0,000 0,000 0,000
0,000 0,000 1,000 0,000 1,000 0,000 0,000 0,000
0,000 0,000 1,000 0,000 0,000 1,000 0,000 0,000
0,000 0,000 1,000 0,000 0,000 0,000 1,000 0,000
0,000 0,000 1,000 0,000 0,000 0,000 0,000 1,000
0,000 0,000 0,000 1,000 1,000 0,000 0,000 0,000
0,000 0,000 0,000 1,000 0,000 1,000 0,000 0,000
0,000 0,000 0,000 1,000 0,000 0,000 1,000 0,000
0,000 0,000 0,000 1,000 0,000 0,000 0,000 1,000
0,000 0,000 0,000 0,000 1,000 1,000 0,000 0,000
0,000 0,000 0,000 0,000 1,000 0,000 1,000 0,000
0,000 0,000 0,000 0,000 1,000 0,000 0,000 1,000
0,000 0,000 0,000 0,000 0,000 1,000 1,000 0,000
0,000 0,000 0,000 0,000 0,000 1,000 0,000 1,000
0,000 0,000 0,000 0,000 0,000 0,000 1,000 1,000

getPairedCandidates: P:...
1,000 1,000 0,000 0,000 0,000 0,000 0,000 0,000 0,000 0,000
1,000 0,000 0,000 1,000 0,000 0,000 0,000 0,000 0,000 0,000
1,000 0,000 0,000 0,000 1,000 0,000 0,000 0,000 0,000 0,000
1,000 0,000 0,000 0,000 0,000 1,000 0,000 0,000 0,000 0,000
1,000 0,000 0,000 0,000 0,000 0,000 0,000 1,000 0,000 0,000
1,000 0,000 0,000 0,000 0,000 0,000 0,000 0,000 1,000 0,000
1,000 0,000 0,000 0,000 0,000 0,000 0,000 0,000 0,000 1,000
0,000 1,000 0,000 1,000 0,000 0,000 0,000 0,000 0,000 0,000
0,000 1,000 0,000 0,000 1,000 0,000 0,000 0,000 0,000 0,000
0,000 1,000 0,000 0,000 0,000 1,000 0,000 0,000 0,000 0,000
0,000 1,000 0,000 0,000 0,000 0,000 0,000 1,000 0,000 0,000
0,000 1,000 0,000 0,000 0,000 0,000 0,000 0,000 1,000 0,000
0,000 1,000 0,000 0,000 0,000 0,000 0,000 0,000 0,000 1,000
0,000 0,000 0,000 1,000 1,000 0,000 0,000 0,000 0,000 0,000
0,000 0,000 0,000 1,000 0,000 1,000 0,000 0,000 0,000 0,000
0,000 0,000 0,000 1,000 0,000 0,000 0,000 1,000 0,000 0,000
0,000 0,000 0,000 1,000 0,000 0,000 0,000 0,000 1,000 0,000
0,000 0,000 0,000 1,000 0,000 0,000 0,000 0,000 0,000 1,000
0,000 0,000 0,000 0,000 1,000 1,000 0,000 0,000 0,000 0,000
0,000 0,000 0,000 0,000 1,000 0,000 0,000 1,000 0,000 0,000
0,000 0,000 0,000 0,000 1,000 0,000 0,000 0,000 1,000 0,000
0,000 0,000 0,000 0,000 1,000 0,000 0,000 0,000 0,000 1,000
0,000 0,000 0,000 0,000 0,000 1,000 0,000 1,000 0,000 0,000
0,000 0,000 0,000 0,000 0,000 1,000 0,000 0,000 1,000 0,000
0,000 0,000 0,000 0,000 0,000 1,000 0,000 0,000 0,000 1,000
0,000 0,000 0,000 0,000 0,000 0,000 0,000 1,000 1,000 0,000
0,000 0,000 0,000 0,000 0,000 0,000 0,000 1,000 0,000 1,000
0,000 0,000 0,000 0,000 0,000 0,000 0,000 0,000 1,000 1,000

getPairedCandidates: se:...
0,000
0,000
0,000
0,000
0,000
0,000
0,000
0,000
0,000
0,000
0,000
0,000
0,000
0,000
0,000
0,000
0,000
0,000
0,000
0,000
0,000
0,000
0,000
0,000
0,000
0,000
0,000
0,000

getPairedCandidates: sm:...
0,000
0,000
0,000
0,000
0,000
0,000
0,000
0,000
0,000
0,000
0,000
0,000
0,000
0,000
0,000
0,000
0,000
0,000
0,000
0,000
0,000
0,000
0,000
0,000
0,000
0,000
0,000
0,000

getPairedCandidates: ss:...
2,000
2,000
1,000
2,000
1,000
1,000
2,000
2,000
1,000
2,000
1,000
1,000
2,000
1,000
3,000
1,000
1,000
3,000
1,000
1,000
1,000
1,000
1,000
1,000
3,000
1,000
1,000
1,000

getPairedCandidates: I:...
1,000
1,000
1,000
1,000
1,000
1,000
1,000
1,000
1,000
1,000
1,000
1,000
1,000
1,000
1,000
1,000
1,000
1,000
1,000
1,000
1,000
1,000
1,000
1,000
1,000
1,000
1,000
1,000

getPairedCandidates: beg:...
1.0
getPairedCandidates: end:...
2.0
getPairedCandidates: I:...
0,000
1,000
1,000
1,000
1,000
1,000
1,000
1,000
1,000
1,000
1,000
1,000
1,000
1,000
1,000
1,000
1,000
1,000
1,000
1,000
1,000
1,000
1,000
1,000
1,000
1,000
1,000
1,000

getPairedCandidates: beg:...
3.0
getPairedCandidates: end:...
5.0
getPairedCandidates: I:...
0,000
1,000
1,000
1,000
1,000
1,000
1,000
1,000
1,000
1,000
1,000
1,000
1,000
0,000
1,000
1,000
1,000
1,000
1,000
1,000
1,000
1,000
1,000
1,000
1,000
1,000
1,000
1,000

getPairedCandidates: beg:...
6.0
getPairedCandidates: end:...
8.0
getPairedCandidates: I:...
0,000
1,000
1,000
1,000
1,000
1,000
1,000
1,000
1,000
1,000
1,000
1,000
1,000
0,000
1,000
1,000
1,000
1,000
1,000
1,000
1,000
1,000
0,000
1,000
1,000
1,000
1,000
1,000

getPairedCandidates: beg:...
9.0
getPairedCandidates: end:...
10.0
getPairedCandidates: I:...
0,000
1,000
1,000
1,000
1,000
1,000
1,000
1,000
1,000
1,000
1,000
1,000
1,000
0,000
1,000
1,000
1,000
1,000
1,000
1,000
1,000
1,000
0,000
1,000
1,000
1,000
1,000
0,000

getPairedCandidates: P12:...
1,000 0,000 1,000 0,000 0,000 0,000 0,000 0,000
1,000 0,000 0,000 1,000 0,000 0,000 0,000 0,000
1,000 0,000 0,000 0,000 1,000 0,000 0,000 0,000
1,000 0,000 0,000 0,000 0,000 1,000 0,000 0,000
1,000 0,000 0,000 0,000 0,000 0,000 1,000 0,000
1,000 0,000 0,000 0,000 0,000 0,000 0,000 1,000
0,000 1,000 1,000 0,000 0,000 0,000 0,000 0,000
0,000 1,000 0,000 1,000 0,000 0,000 0,000 0,000
0,000 1,000 0,000 0,000 1,000 0,000 0,000 0,000
0,000 1,000 0,000 0,000 0,000 1,000 0,000 0,000
0,000 1,000 0,000 0,000 0,000 0,000 1,000 0,000
0,000 1,000 0,000 0,000 0,000 0,000 0,000 1,000
0,000 0,000 1,000 0,000 1,000 0,000 0,000 0,000
0,000 0,000 1,000 0,000 0,000 1,000 0,000 0,000
0,000 0,000 1,000 0,000 0,000 0,000 1,000 0,000
0,000 0,000 1,000 0,000 0,000 0,000 0,000 1,000
0,000 0,000 0,000 1,000 1,000 0,000 0,000 0,000
0,000 0,000 0,000 1,000 0,000 1,000 0,000 0,000
0,000 0,000 0,000 1,000 0,000 0,000 1,000 0,000
0,000 0,000 0,000 1,000 0,000 0,000 0,000 1,000
0,000 0,000 0,000 0,000 1,000 0,000 1,000 0,000
0,000 0,000 0,000 0,000 1,000 0,000 0,000 1,000
0,000 0,000 0,000 0,000 0,000 1,000 1,000 0,000
0,000 0,000 0,000 0,000 0,000 1,000 0,000 1,000

getPairedCandidates: P:...
1,000 0,000 0,000 1,000 0,000 0,000 0,000 0,000 0,000 0,000
1,000 0,000 0,000 0,000 1,000 0,000 0,000 0,000 0,000 0,000
1,000 0,000 0,000 0,000 0,000 1,000 0,000 0,000 0,000 0,000
1,000 0,000 0,000 0,000 0,000 0,000 0,000 1,000 0,000 0,000
1,000 0,000 0,000 0,000 0,000 0,000 0,000 0,000 1,000 0,000
1,000 0,000 0,000 0,000 0,000 0,000 0,000 0,000 0,000 1,000
0,000 1,000 0,000 1,000 0,000 0,000 0,000 0,000 0,000 0,000
0,000 1,000 0,000 0,000 1,000 0,000 0,000 0,000 0,000 0,000
0,000 1,000 0,000 0,000 0,000 1,000 0,000 0,000 0,000 0,000
0,000 1,000 0,000 0,000 0,000 0,000 0,000 1,000 0,000 0,000
0,000 1,000 0,000 0,000 0,000 0,000 0,000 0,000 1,000 0,000
0,000 1,000 0,000 0,000 0,000 0,000 0,000 0,000 0,000 1,000
0,000 0,000 0,000 1,000 0,000 1,000 0,000 0,000 0,000 0,000
0,000 0,000 0,000 1,000 0,000 0,000 0,000 1,000 0,000 0,000
0,000 0,000 0,000 1,000 0,000 0,000 0,000 0,000 1,000 0,000
0,000 0,000 0,000 1,000 0,000 0,000 0,000 0,000 0,000 1,000
0,000 0,000 0,000 0,000 1,000 1,000 0,000 0,000 0,000 0,000
0,000 0,000 0,000 0,000 1,000 0,000 0,000 1,000 0,000 0,000
0,000 0,000 0,000 0,000 1,000 0,000 0,000 0,000 1,000 0,000
0,000 0,000 0,000 0,000 1,000 0,000 0,000 0,000 0,000 1,000
0,000 0,000 0,000 0,000 0,000 1,000 0,000 0,000 1,000 0,000
0,000 0,000 0,000 0,000 0,000 1,000 0,000 0,000 0,000 1,000
0,000 0,000 0,000 0,000 0,000 0,000 0,000 1,000 1,000 0,000
0,000 0,000 0,000 0,000 0,000 0,000 0,000 1,000 0,000 1,000

getPairedCandidates: ss:...
2,000
1,000
2,000
1,000
1,000
2,000
2,000
1,000
2,000
1,000
1,000
2,000
3,000
1,000
1,000
3,000
1,000
1,000
1,000
1,000
1,000
3,000
1,000
1,000

getPairedCandidates: se:...
0,000
0,000
0,000
0,000
0,000
0,000
0,000
0,000
0,000
0,000
0,000
0,000
0,000
0,000
0,000
0,000
0,000
0,000
0,000
0,000
0,000
0,000
0,000
0,000

getPairedCandidates: sm:...
0,000
0,000
0,000
0,000
0,000
0,000
0,000
0,000
0,000
0,000
0,000
0,000
0,000
0,000
0,000
0,000
0,000
0,000
0,000
0,000
0,000
0,000
0,000
0,000

getPairedCandidates: ID:...
0,000
0,000
0,000
0,000
0,000
0,000
0,000
0,000
0,000
0,000
0,000
0,000
0,000
0,000
0,000
0,000
0,000
0,000
0,000
0,000
0,000
0,000
0,000
0,000

getPairedCandidates: dom:...
3,000 4,000 4,000 3,000

getPairedCandidates: beg:...
1.0
getPairedCandidates: end:...
2.0
getPairedCandidates: I:...
1,000
1,000
1,000
1,000
1,000
1,000
2,000
2,000
2,000
2,000
2,000
2,000
0,000
0,000
0,000
0,000
0,000
0,000
0,000
0,000
0,000
0,000
0,000
0,000

getPairedCandidates: prod:...
1
getPairedCandidates: prod:...
48.0
getPairedCandidates: ID:...
48,000
48,000
48,000
48,000
48,000
48,000
96,000
96,000
96,000
96,000
96,000
96,000
0,000
0,000
0,000
0,000
0,000
0,000
0,000
0,000
0,000
0,000
0,000
0,000

getPairedCandidates: beg:...
3.0
getPairedCandidates: end:...
5.0
getPairedCandidates: I:...
2,000
3,000
0,000
0,000
0,000
0,000
2,000
3,000
0,000
0,000
0,000
0,000
2,000
2,000
2,000
2,000
3,000
3,000
3,000
3,000
0,000
0,000
0,000
0,000

getPairedCandidates: prod:...
1
getPairedCandidates: prod:...
12.0
getPairedCandidates: ID:...
72,000
84,000
48,000
48,000
48,000
48,000
120,000
132,000
96,000
96,000
96,000
96,000
24,000
24,000
24,000
24,000
36,000
36,000
36,000
36,000
0,000
0,000
0,000
0,000

getPairedCandidates: beg:...
6.0
getPairedCandidates: end:...
8.0
getPairedCandidates: I:...
0,000
0,000
1,000
3,000
0,000
0,000
0,000
0,000
1,000
3,000
0,000
0,000
1,000
3,000
0,000
0,000
1,000
3,000
0,000
0,000
1,000
1,000
3,000
3,000

getPairedCandidates: prod:...
1
getPairedCandidates: prod:...
3.0
getPairedCandidates: ID:...
72,000
84,000
51,000
57,000
48,000
48,000
120,000
132,000
99,000
105,000
96,000
96,000
27,000
33,000
24,000
24,000
39,000
45,000
36,000
36,000
3,000
3,000
9,000
9,000

getPairedCandidates: beg:...
9.0
getPairedCandidates: end:...
10.0
getPairedCandidates: I:...
0,000
0,000
0,000
0,000
1,000
2,000
0,000
0,000
0,000
0,000
1,000
2,000
0,000
0,000
1,000
2,000
0,000
0,000
1,000
2,000
1,000
2,000
1,000
2,000

getPairedCandidates: prod:...
1
getPairedCandidates: prod:...
1
getPairedCandidates: ID:...
72,000
84,000
51,000
57,000
49,000
50,000
120,000
132,000
99,000
105,000
97,000
98,000
27,000
33,000
25,000
26,000
39,000
45,000
37,000
38,000
4,000
5,000
10,000
11,000

getPairedCandidates: ID:...
1,000
2,000
3,000
4,000
5,000
6,000
7,000
8,000
9,000
10,000
11,000
12,000
13,000
14,000
15,000
16,000
17,000
18,000
19,000
20,000
21,000
22,000
23,000
24,000

getPairedCandidates: M:...
# FRAME: nrow = 24, ncol = 1
# C1
# STRING
99·9
33·14
11·24
45·18
57·4
25·15
26·16
37·19
49·5
27·13
38·20
39·17
120·7
132·8
4·21
5·22
105·10
72·1
50·6
84·2
51·3
97·11
98·12
10·23

getPairedCandidates: map:...
1,000 0,000 0,000 0,000 0,000 0,000 0,000 0,000 0,000 0,000 0,000 0,000 0,000 0,000 0,000 0,000 0,000 0,000 0,000 0,000 0,000 0,000 0,000 0,000
0,000 1,000 0,000 0,000 0,000 0,000 0,000 0,000 0,000 0,000 0,000 0,000 0,000 0,000 0,000 0,000 0,000 0,000 0,000 0,000 0,000 0,000 0,000 0,000
0,000 0,000 1,000 0,000 0,000 0,000 0,000 0,000 0,000 0,000 0,000 0,000 0,000 0,000 0,000 0,000 0,000 0,000 0,000 0,000 0,000 0,000 0,000 0,000
0,000 0,000 0,000 1,000 0,000 0,000 0,000 0,000 0,000 0,000 0,000 0,000 0,000 0,000 0,000 0,000 0,000 0,000 0,000 0,000 0,000 0,000 0,000 0,000
0,000 0,000 0,000 0,000 1,000 0,000 0,000 0,000 0,000 0,000 0,000 0,000 0,000 0,000 0,000 0,000 0,000 0,000 0,000 0,000 0,000 0,000 0,000 0,000
0,000 0,000 0,000 0,000 0,000 1,000 0,000 0,000 0,000 0,000 0,000 0,000 0,000 0,000 0,000 0,000 0,000 0,000 0,000 0,000 0,000 0,000 0,000 0,000
0,000 0,000 0,000 0,000 0,000 0,000 1,000 0,000 0,000 0,000 0,000 0,000 0,000 0,000 0,000 0,000 0,000 0,000 0,000 0,000 0,000 0,000 0,000 0,000
0,000 0,000 0,000 0,000 0,000 0,000 0,000 1,000 0,000 0,000 0,000 0,000 0,000 0,000 0,000 0,000 0,000 0,000 0,000 0,000 0,000 0,000 0,000 0,000
0,000 0,000 0,000 0,000 0,000 0,000 0,000 0,000 1,000 0,000 0,000 0,000 0,000 0,000 0,000 0,000 0,000 0,000 0,000 0,000 0,000 0,000 0,000 0,000
0,000 0,000 0,000 0,000 0,000 0,000 0,000 0,000 0,000 1,000 0,000 0,000 0,000 0,000 0,000 0,000 0,000 0,000 0,000 0,000 0,000 0,000 0,000 0,000
0,000 0,000 0,000 0,000 0,000 0,000 0,000 0,000 0,000 0,000 1,000 0,000 0,000 0,000 0,000 0,000 0,000 0,000 0,000 0,000 0,000 0,000 0,000 0,000
0,000 0,000 0,000 0,000 0,000 0,000 0,000 0,000 0,000 0,000 0,000 1,000 0,000 0,000 0,000 0,000 0,000 0,000 0,000 0,000 0,000 0,000 0,000 0,000
0,000 0,000 0,000 0,000 0,000 0,000 0,000 0,000 0,000 0,000 0,000 0,000 1,000 0,000 0,000 0,000 0,000 0,000 0,000 0,000 0,000 0,000 0,000 0,000
0,000 0,000 0,000 0,000 0,000 0,000 0,000 0,000 0,000 0,000 0,000 0,000 0,000 1,000 0,000 0,000 0,000 0,000 0,000 0,000 0,000 0,000 0,000 0,000
0,000 0,000 0,000 0,000 0,000 0,000 0,000 0,000 0,000 0,000 0,000 0,000 0,000 0,000 1,000 0,000 0,000 0,000 0,000 0,000 0,000 0,000 0,000 0,000
0,000 0,000 0,000 0,000 0,000 0,000 0,000 0,000 0,000 0,000 0,000 0,000 0,000 0,000 0,000 1,000 0,000 0,000 0,000 0,000 0,000 0,000 0,000 0,000
0,000 0,000 0,000 0,000 0,000 0,000 0,000 0,000 0,000 0,000 0,000 0,000 0,000 0,000 0,000 0,000 1,000 0,000 0,000 0,000 0,000 0,000 0,000 0,000
0,000 0,000 0,000 0,000 0,000 0,000 0,000 0,000 0,000 0,000 0,000 0,000 0,000 0,000 0,000 0,000 0,000 1,000 0,000 0,000 0,000 0,000 0,000 0,000
0,000 0,000 0,000 0,000 0,000 0,000 0,000 0,000 0,000 0,000 0,000 0,000 0,000 0,000 0,000 0,000 0,000 0,000 1,000 0,000 0,000 0,000 0,000 0,000
0,000 0,000 0,000 0,000 0,000 0,000 0,000 0,000 0,000 0,000 0,000 0,000 0,000 0,000 0,000 0,000 0,000 0,000 0,000 1,000 0,000 0,000 0,000 0,000
0,000 0,000 0,000 0,000 0,000 0,000 0,000 0,000 0,000 0,000 0,000 0,000 0,000 0,000 0,000 0,000 0,000 0,000 0,000 0,000 1,000 0,000 0,000 0,000
0,000 0,000 0,000 0,000 0,000 0,000 0,000 0,000 0,000 0,000 0,000 0,000 0,000 0,000 0,000 0,000 0,000 0,000 0,000 0,000 0,000 1,000 0,000 0,000
0,000 0,000 0,000 0,000 0,000 0,000 0,000 0,000 0,000 0,000 0,000 0,000 0,000 0,000 0,000 0,000 0,000 0,000 0,000 0,000 0,000 0,000 1,000 0,000
0,000 0,000 0,000 0,000 0,000 0,000 0,000 0,000 0,000 0,000 0,000 0,000 0,000 0,000 0,000 0,000 0,000 0,000 0,000 0,000 0,000 0,000 0,000 1,000

getPairedCandidates: ubSizes:...
2,000
1,000
2,000
1,000
1,000
2,000
2,000
1,000
2,000
1,000
1,000
2,000
3,000
1,000
1,000
3,000
1,000
1,000
1,000
1,000
1,000
3,000
1,000
1,000

getPairedCandidates: ubSizes:...
2,000
1,000
2,000
1,000
1,000
2,000
2,000
1,000
2,000
1,000
1,000
2,000
3,000
1,000
1,000
3,000
1,000
1,000
1,000
1,000
1,000
3,000
1,000
1,000

getPairedCandidates: fSizes:...
1,000
1,000
1,000
1,000
1,000
1,000
1,000
1,000
1,000
1,000
1,000
1,000
1,000
1,000
1,000
1,000
1,000
1,000
1,000
1,000
1,000
1,000
1,000
1,000

getPairedCandidates: ubError:...
0,000
0,000
0,000
0,000
0,000
0,000
0,000
0,000
0,000
0,000
0,000
0,000
0,000
0,000
0,000
0,000
0,000
0,000
0,000
0,000
0,000
0,000
0,000
0,000

getPairedCandidates: ubError:...
0,000
0,000
0,000
0,000
0,000
0,000
0,000
0,000
0,000
0,000
0,000
0,000
0,000
0,000
0,000
0,000
0,000
0,000
0,000
0,000
0,000
0,000
0,000
0,000

getPairedCandidates: ubMError:...
0,000
0,000
0,000
0,000
0,000
0,000
0,000
0,000
0,000
0,000
0,000
0,000
0,000
0,000
0,000
0,000
0,000
0,000
0,000
0,000
0,000
0,000
0,000
0,000

getPairedCandidates: ubMError:...
0,000
0,000
0,000
0,000
0,000
0,000
0,000
0,000
0,000
0,000
0,000
0,000
0,000
0,000
0,000
0,000
0,000
0,000
0,000
0,000
0,000
0,000
0,000
0,000

ScoreUB: s:...
1,000 1,078 2,000
1,000 1,000 1,000
1,000 1,078 2,000
1,000 1,000 1,000
1,000 1,000 1,000
1,000 2,688 2,000
1,000 2,000 2,000
1,000 1,000 1,000
1,000 2,000 2,000
1,000 1,000 1,000
1,000 2,000 1,000
1,000 2,000 2,000
1,000 1,227 3,000
1,000 1,000 1,000
1,000 1,000 1,000
1,000 2,688 3,000
1,000 1,000 1,000
1,000 1,000 1,000
1,000 1,000 1,000
1,000 1,000 1,000
1,000 1,000 1,000
1,000 2,688 3,000
1,000 1,000 1,000
1,000 1,000 1,000

ScoreUB: sc:...
2,066
-0,761
2,066
-0,761
2,066
-0,652
-0,652
-0,761
-0,652
-0,761
-0,652
-0,652
2,066
-0,761
2,066
-0,652
-0,761
-0,761
-0,761
-0,761
2,066
-0,652
-0,761
-0,761

ScoreUB: sc:...
2,066
-0,761
2,066
-0,761
2,066
-0,652
-0,652
-0,761
-0,652
-0,761
-0,652
-0,652
2,066
-0,761
2,066
-0,652
-0,761
-0,761
-0,761
-0,761
2,066
-0,652
-0,761
-0,761

getPairedCandidates: ubScores:...
2,066
-0,761
2,066
-0,761
2,066
-0,652
-0,652
-0,761
-0,652
-0,761
-0,652
-0,652
2,066
-0,761
2,066
-0,652
-0,761
-0,761
-0,761
-0,761
2,066
-0,652
-0,761
-0,761

analyzeTopK: TKC:...
2,066 0,000 0,000 1,000
0,652 0,000 0,000 2,000

analyzeTopK: minsc:...
-Infinity
analyzeTopK: maxsc:...
2.0655160710749736
analyzeTopK: minsc:...
0.6523387708043433
getPairedCandidates: maxsc:...
2.0655160710749736
getPairedCandidates: minsc:...
0.6523387708043433
getPairedCandidates: fScores:...
1,000
0,000
1,000
0,000
1,000
0,000
0,000
0,000
0,000
0,000
0,000
0,000
1,000
0,000
1,000
0,000
0,000
0,000
0,000
0,000
1,000
0,000
0,000
0,000

getPairedCandidates: numParents:...
2,000
2,000
2,000
2,000
2,000
2,000
2,000
2,000
2,000
2,000
2,000
2,000
2,000
2,000
2,000
2,000
2,000
2,000
2,000
2,000
2,000
2,000
2,000
2,000

getPairedCandidates: fParents:...
1,000
1,000
1,000
1,000
1,000
1,000
1,000
1,000
1,000
1,000
1,000
1,000
1,000
1,000
1,000
1,000
1,000
1,000
1,000
1,000
1,000
1,000
1,000
1,000

getPairedCandidates: fall:...
1,000
0,000
1,000
0,000
1,000
0,000
0,000
0,000
0,000
0,000
0,000
0,000
1,000
0,000
1,000
0,000
0,000
0,000
0,000
0,000
1,000
0,000
0,000
0,000

getPairedCandidates: Dedup:...
1,000 0,000 0,000 0,000 0,000 0,000 0,000 0,000 0,000 0,000 0,000 0,000 0,000 0,000 0,000 0,000 0,000 0,000 0,000 0,000 0,000 0,000 0,000 0,000
0,000 0,000 1,000 0,000 0,000 0,000 0,000 0,000 0,000 0,000 0,000 0,000 0,000 0,000 0,000 0,000 0,000 0,000 0,000 0,000 0,000 0,000 0,000 0,000
0,000 0,000 0,000 0,000 1,000 0,000 0,000 0,000 0,000 0,000 0,000 0,000 0,000 0,000 0,000 0,000 0,000 0,000 0,000 0,000 0,000 0,000 0,000 0,000
0,000 0,000 0,000 0,000 0,000 0,000 0,000 0,000 0,000 0,000 0,000 0,000 1,000 0,000 0,000 0,000 0,000 0,000 0,000 0,000 0,000 0,000 0,000 0,000
0,000 0,000 0,000 0,000 0,000 0,000 0,000 0,000 0,000 0,000 0,000 0,000 0,000 0,000 1,000 0,000 0,000 0,000 0,000 0,000 0,000 0,000 0,000 0,000
0,000 0,000 0,000 0,000 0,000 0,000 0,000 0,000 0,000 0,000 0,000 0,000 0,000 0,000 0,000 0,000 0,000 0,000 0,000 0,000 1,000 0,000 0,000 0,000

getPairedCandidates: DeI:...
1,000
0,000
1,000
0,000
1,000
0,000
0,000
0,000
0,000
0,000
0,000
0,000
1,000
0,000
1,000
0,000
0,000
0,000
0,000
0,000
1,000
0,000
0,000
0,000

getPairedCandidates: P:...
1,000 0,000 0,000 1,000 0,000 0,000 0,000 0,000 0,000 0,000
1,000 0,000 0,000 0,000 0,000 1,000 0,000 0,000 0,000 0,000
1,000 0,000 0,000 0,000 0,000 0,000 0,000 0,000 1,000 0,000
0,000 0,000 0,000 1,000 0,000 1,000 0,000 0,000 0,000 0,000
0,000 0,000 0,000 1,000 0,000 0,000 0,000 0,000 1,000 0,000
0,000 0,000 0,000 0,000 0,000 1,000 0,000 0,000 1,000 0,000

SliceFinder: S:...
1,000 0,000 0,000 1,000 0,000 0,000 0,000 0,000 0,000 0,000
1,000 0,000 0,000 0,000 0,000 1,000 0,000 0,000 0,000 0,000
1,000 0,000 0,000 0,000 0,000 0,000 0,000 0,000 1,000 0,000
0,000 0,000 0,000 1,000 0,000 1,000 0,000 0,000 0,000 0,000
0,000 0,000 0,000 1,000 0,000 0,000 0,000 0,000 1,000 0,000
0,000 0,000 0,000 0,000 0,000 1,000 0,000 0,000 1,000 0,000

SliceFinder: S2:...
1,000 0,000 0,000 1,000 0,000 0,000 0,000 0,000 0,000 0,000
1,000 0,000 0,000 0,000 0,000 1,000 0,000 0,000 0,000 0,000
1,000 0,000 0,000 0,000 0,000 0,000 0,000 0,000 1,000 0,000
0,000 0,000 0,000 1,000 0,000 1,000 0,000 0,000 0,000 0,000
0,000 0,000 0,000 1,000 0,000 0,000 0,000 0,000 1,000 0,000
0,000 0,000 0,000 0,000 0,000 1,000 0,000 0,000 1,000 0,000

SliceFinder: S2:...
1,000 0,000 1,000 0,000 0,000 0,000 0,000 0,000
1,000 0,000 0,000 0,000 1,000 0,000 0,000 0,000
1,000 0,000 0,000 0,000 0,000 0,000 1,000 0,000
0,000 0,000 1,000 0,000 1,000 0,000 0,000 0,000
0,000 0,000 1,000 0,000 0,000 0,000 1,000 0,000
0,000 0,000 0,000 0,000 1,000 0,000 1,000 0,000


SliceFinder: level 2:
 -- generated paired slice candidates: 8 -> 6
SliceFinder: R:...
0,000 0,000 0,000 0,000
0,000 0,000 0,000 0,000
0,000 0,000 0,000 0,000
0,000 0,000 0,000 0,000
0,000 0,000 0,000 0,000
0,000 0,000 0,000 0,000

SliceFinder: beg:...
1
SliceFinder: end:...
6
evalSlice: I:...
0,000 0,000 0,000 1,000 0,000 0,000
1,000 1,000 1,000 1,000 1,000 1,000
0,000 0,000 0,000 0,000 0,000 0,000
0,000 0,000 0,000 1,000 0,000 0,000

evalSlice: ss:...
1,000
1,000
1,000
3,000
1,000
1,000

evalSlice: se:...
0,000
0,000
0,000
0,000
0,000
0,000

evalSlice: sm:...
0,000
0,000
0,000
0,000
0,000
0,000

Score: sc:...
2,066
2,066
2,066
0,254
2,066
2,066

Score: sc:...
2,066
2,066
2,066
0,254
2,066
2,066

evalSlice: sc:...
2,066
2,066
2,066
0,254
2,066
2,066

evalSlice: R:...
2,066 0,000 0,000 1,000
2,066 0,000 0,000 1,000
2,066 0,000 0,000 1,000
0,254 0,000 0,000 3,000
2,066 0,000 0,000 1,000
2,066 0,000 0,000 1,000

SliceFinder: R:...
2,066 0,000 0,000 1,000
2,066 0,000 0,000 1,000
2,066 0,000 0,000 1,000
0,254 0,000 0,000 3,000
2,066 0,000 0,000 1,000
2,066 0,000 0,000 1,000

maintainTopK: I:...
1,000
1,000
1,000
1,000
1,000
1,000

maintainTopK: S:...
1,000 0,000 0,000 1,000 0,000 0,000 0,000 0,000 0,000 0,000
1,000 0,000 0,000 0,000 0,000 1,000 0,000 0,000 0,000 0,000
1,000 0,000 0,000 0,000 0,000 0,000 0,000 0,000 1,000 0,000
0,000 0,000 0,000 1,000 0,000 1,000 0,000 0,000 0,000 0,000
0,000 0,000 0,000 1,000 0,000 0,000 0,000 0,000 1,000 0,000
0,000 0,000 0,000 0,000 0,000 1,000 0,000 0,000 1,000 0,000

maintainTopK: R:...
2,066 0,000 0,000 1,000
2,066 0,000 0,000 1,000
2,066 0,000 0,000 1,000
0,254 0,000 0,000 3,000
2,066 0,000 0,000 1,000
2,066 0,000 0,000 1,000

maintainTopK: slices:...
maintainTopK: scores:...
maintainTopK: IX:...
1,000
3,000
4,000
5,000
7,000
8,000
2,000
6,000

maintainTopK: IX:...
1,000
3,000

maintainTopK: P:...
1,000 0,000 0,000 0,000 0,000 0,000 0,000 0,000
0,000 0,000 1,000 0,000 0,000 0,000 0,000 0,000

maintainTopK: TK:...
0,000 0,000 0,000 0,000 0,000 0,000 0,000 0,000 1,000 0,000
1,000 0,000 0,000 1,000 0,000 0,000 0,000 0,000 0,000 0,000

maintainTopK: TKC:...
2,066 0,000 0,000 1,000
2,066 0,000 0,000 1,000

SliceFinder: TK:...
0,000 0,000 0,000 0,000 0,000 0,000 0,000 0,000 1,000 0,000
1,000 0,000 0,000 1,000 0,000 0,000 0,000 0,000 0,000 0,000

SliceFinder: TKC:...
2,066 0,000 0,000 1,000
2,066 0,000 0,000 1,000

analyzeTopK: TKC:...
2,066 0,000 0,000 1,000
2,066 0,000 0,000 1,000

analyzeTopK: minsc:...
-Infinity
analyzeTopK: maxsc:...
2.0655160710749736
analyzeTopK: minsc:...
2.0655160710749736
 -- valid slices after eval: 6/6
 -- top-K: count=2, max=2.0655160710749736, min=2.0655160710749736
 -- (time=184885125)
SliceFinder: level:...
3
SliceFinder: nrS:...
6
getPairedCandidates: pI:...
1,000
1,000
1,000
1,000
1,000
1,000

getPairedCandidates: S:...
1,000 0,000 0,000 1,000 0,000 0,000 0,000 0,000 0,000 0,000
1,000 0,000 0,000 0,000 0,000 1,000 0,000 0,000 0,000 0,000
1,000 0,000 0,000 0,000 0,000 0,000 0,000 0,000 1,000 0,000
0,000 0,000 0,000 1,000 0,000 1,000 0,000 0,000 0,000 0,000
0,000 0,000 0,000 1,000 0,000 0,000 0,000 0,000 1,000 0,000
0,000 0,000 0,000 0,000 0,000 1,000 0,000 0,000 1,000 0,000

getPairedCandidates: R:...
2,066 0,000 0,000 1,000
2,066 0,000 0,000 1,000
2,066 0,000 0,000 1,000
0,254 0,000 0,000 3,000
2,066 0,000 0,000 1,000
2,066 0,000 0,000 1,000

getPairedCandidates: join:...
0,000 1,000 1,000 1,000 1,000 0,000
1,000 0,000 1,000 1,000 0,000 1,000
1,000 1,000 0,000 0,000 1,000 1,000
1,000 1,000 0,000 0,000 1,000 1,000
1,000 0,000 1,000 1,000 0,000 1,000
0,000 1,000 1,000 1,000 1,000 0,000

getPairedCandidates: I:...
0,000 1,000 1,000 1,000 1,000 0,000
0,000 0,000 1,000 1,000 0,000 1,000
0,000 0,000 0,000 0,000 1,000 1,000
0,000 0,000 0,000 0,000 1,000 1,000
0,000 0,000 0,000 0,000 0,000 1,000
0,000 0,000 0,000 0,000 0,000 0,000

getPairedCandidates: nr:...
6
getPairedCandidates: rix:...
0,000
1,000
1,000
1,000
1,000
0,000
0,000
0,000
2,000
2,000
0,000
2,000
0,000
0,000
0,000
0,000
3,000
3,000
0,000
0,000
0,000
0,000
4,000
4,000
0,000
0,000
0,000
0,000
0,000
5,000
0,000
0,000
0,000
0,000
0,000
0,000

getPairedCandidates: cix:...
0,000
2,000
3,000
4,000
5,000
0,000
0,000
0,000
3,000
4,000
0,000
6,000
0,000
0,000
0,000
0,000
5,000
6,000
0,000
0,000
0,000
0,000
5,000
6,000
0,000
0,000
0,000
0,000
0,000
6,000
0,000
0,000
0,000
0,000
0,000
0,000

getPairedCandidates: rix:...
1,000
1,000
1,000
1,000
2,000
2,000
2,000
3,000
3,000
4,000
4,000
5,000

getPairedCandidates: cix:...
2,000
3,000
4,000
5,000
3,000
4,000
6,000
5,000
6,000
5,000
6,000
6,000

getPairedCandidates: P:...

getPairedCandidates: P1:...
1,000 0,000 0,000 0,000 0,000 0,000
1,000 0,000 0,000 0,000 0,000 0,000
1,000 0,000 0,000 0,000 0,000 0,000
1,000 0,000 0,000 0,000 0,000 0,000
0,000 1,000 0,000 0,000 0,000 0,000
0,000 1,000 0,000 0,000 0,000 0,000
0,000 1,000 0,000 0,000 0,000 0,000
0,000 0,000 1,000 0,000 0,000 0,000
0,000 0,000 1,000 0,000 0,000 0,000
0,000 0,000 0,000 1,000 0,000 0,000
0,000 0,000 0,000 1,000 0,000 0,000
0,000 0,000 0,000 0,000 1,000 0,000

getPairedCandidates: P2:...
0,000 1,000 0,000 0,000 0,000 0,000
0,000 0,000 1,000 0,000 0,000 0,000
0,000 0,000 0,000 1,000 0,000 0,000
0,000 0,000 0,000 0,000 1,000 0,000
0,000 0,000 1,000 0,000 0,000 0,000
0,000 0,000 0,000 1,000 0,000 0,000
0,000 0,000 0,000 0,000 0,000 1,000
0,000 0,000 0,000 0,000 1,000 0,000
0,000 0,000 0,000 0,000 0,000 1,000
0,000 0,000 0,000 0,000 1,000 0,000
0,000 0,000 0,000 0,000 0,000 1,000
0,000 0,000 0,000 0,000 0,000 1,000

getPairedCandidates: P12:...
1,000 1,000 0,000 0,000 0,000 0,000
1,000 0,000 1,000 0,000 0,000 0,000
1,000 0,000 0,000 1,000 0,000 0,000
1,000 0,000 0,000 0,000 1,000 0,000
0,000 1,000 1,000 0,000 0,000 0,000
0,000 1,000 0,000 1,000 0,000 0,000
0,000 1,000 0,000 0,000 0,000 1,000
0,000 0,000 1,000 0,000 1,000 0,000
0,000 0,000 1,000 0,000 0,000 1,000
0,000 0,000 0,000 1,000 1,000 0,000
0,000 0,000 0,000 1,000 0,000 1,000
0,000 0,000 0,000 0,000 1,000 1,000

getPairedCandidates: P:...
1,000 0,000 0,000 1,000 0,000 1,000 0,000 0,000 0,000 0,000
1,000 0,000 0,000 1,000 0,000 0,000 0,000 0,000 1,000 0,000
1,000 0,000 0,000 1,000 0,000 1,000 0,000 0,000 0,000 0,000
1,000 0,000 0,000 1,000 0,000 0,000 0,000 0,000 1,000 0,000
1,000 0,000 0,000 0,000 0,000 1,000 0,000 0,000 1,000 0,000
1,000 0,000 0,000 1,000 0,000 1,000 0,000 0,000 0,000 0,000
1,000 0,000 0,000 0,000 0,000 1,000 0,000 0,000 1,000 0,000
1,000 0,000 0,000 1,000 0,000 0,000 0,000 0,000 1,000 0,000
1,000 0,000 0,000 0,000 0,000 1,000 0,000 0,000 1,000 0,000
0,000 0,000 0,000 1,000 0,000 1,000 0,000 0,000 1,000 0,000
0,000 0,000 0,000 1,000 0,000 1,000 0,000 0,000 1,000 0,000
0,000 0,000 0,000 1,000 0,000 1,000 0,000 0,000 1,000 0,000

getPairedCandidates: se:...
0,000
0,000
0,000
0,000
0,000
0,000
0,000
0,000
0,000
0,000
0,000
0,000

getPairedCandidates: sm:...
0,000
0,000
0,000
0,000
0,000
0,000
0,000
0,000
0,000
0,000
0,000
0,000

getPairedCandidates: ss:...
1,000
1,000
1,000
1,000
1,000
1,000
1,000
1,000
1,000
1,000
1,000
1,000

getPairedCandidates: I:...
1,000
1,000
1,000
1,000
1,000
1,000
1,000
1,000
1,000
1,000
1,000
1,000

getPairedCandidates: beg:...
1.0
getPairedCandidates: end:...
2.0
getPairedCandidates: I:...
1,000
1,000
1,000
1,000
1,000
1,000
1,000
1,000
1,000
1,000
1,000
1,000

getPairedCandidates: beg:...
3.0
getPairedCandidates: end:...
5.0
getPairedCandidates: I:...
1,000
1,000
1,000
1,000
1,000
1,000
1,000
1,000
1,000
1,000
1,000
1,000

getPairedCandidates: beg:...
6.0
getPairedCandidates: end:...
8.0
getPairedCandidates: I:...
1,000
1,000
1,000
1,000
1,000
1,000
1,000
1,000
1,000
1,000
1,000
1,000

getPairedCandidates: beg:...
9.0
getPairedCandidates: end:...
10.0
getPairedCandidates: I:...
1,000
1,000
1,000
1,000
1,000
1,000
1,000
1,000
1,000
1,000
1,000
1,000

getPairedCandidates: P12:...
1,000 1,000 0,000 0,000 0,000 0,000
1,000 0,000 1,000 0,000 0,000 0,000
1,000 0,000 0,000 1,000 0,000 0,000
1,000 0,000 0,000 0,000 1,000 0,000
0,000 1,000 1,000 0,000 0,000 0,000
0,000 1,000 0,000 1,000 0,000 0,000
0,000 1,000 0,000 0,000 0,000 1,000
0,000 0,000 1,000 0,000 1,000 0,000
0,000 0,000 1,000 0,000 0,000 1,000
0,000 0,000 0,000 1,000 1,000 0,000
0,000 0,000 0,000 1,000 0,000 1,000
0,000 0,000 0,000 0,000 1,000 1,000

getPairedCandidates: P:...
1,000 0,000 0,000 1,000 0,000 1,000 0,000 0,000 0,000 0,000
1,000 0,000 0,000 1,000 0,000 0,000 0,000 0,000 1,000 0,000
1,000 0,000 0,000 1,000 0,000 1,000 0,000 0,000 0,000 0,000
1,000 0,000 0,000 1,000 0,000 0,000 0,000 0,000 1,000 0,000
1,000 0,000 0,000 0,000 0,000 1,000 0,000 0,000 1,000 0,000
1,000 0,000 0,000 1,000 0,000 1,000 0,000 0,000 0,000 0,000
1,000 0,000 0,000 0,000 0,000 1,000 0,000 0,000 1,000 0,000
1,000 0,000 0,000 1,000 0,000 0,000 0,000 0,000 1,000 0,000
1,000 0,000 0,000 0,000 0,000 1,000 0,000 0,000 1,000 0,000
0,000 0,000 0,000 1,000 0,000 1,000 0,000 0,000 1,000 0,000
0,000 0,000 0,000 1,000 0,000 1,000 0,000 0,000 1,000 0,000
0,000 0,000 0,000 1,000 0,000 1,000 0,000 0,000 1,000 0,000

getPairedCandidates: ss:...
1,000
1,000
1,000
1,000
1,000
1,000
1,000
1,000
1,000
1,000
1,000
1,000

getPairedCandidates: se:...
0,000
0,000
0,000
0,000
0,000
0,000
0,000
0,000
0,000
0,000
0,000
0,000

getPairedCandidates: sm:...
0,000
0,000
0,000
0,000
0,000
0,000
0,000
0,000
0,000
0,000
0,000
0,000

getPairedCandidates: ID:...
0,000
0,000
0,000
0,000
0,000
0,000
0,000
0,000
0,000
0,000
0,000
0,000

getPairedCandidates: dom:...
3,000 4,000 4,000 3,000

getPairedCandidates: beg:...
1.0
getPairedCandidates: end:...
2.0
getPairedCandidates: I:...
1,000
1,000
1,000
1,000
1,000
1,000
1,000
1,000
1,000
0,000
0,000
0,000

getPairedCandidates: prod:...
1
getPairedCandidates: prod:...
48.0
getPairedCandidates: ID:...
48,000
48,000
48,000
48,000
48,000
48,000
48,000
48,000
48,000
0,000
0,000
0,000

getPairedCandidates: beg:...
3.0
getPairedCandidates: end:...
5.0
getPairedCandidates: I:...
2,000
2,000
2,000
2,000
0,000
2,000
0,000
2,000
0,000
2,000
2,000
2,000

getPairedCandidates: prod:...
1
getPairedCandidates: prod:...
12.0
getPairedCandidates: ID:...
72,000
72,000
72,000
72,000
48,000
72,000
48,000
72,000
48,000
24,000
24,000
24,000

getPairedCandidates: beg:...
6.0
getPairedCandidates: end:...
8.0
getPairedCandidates: I:...
1,000
0,000
1,000
0,000
1,000
1,000
1,000
0,000
1,000
1,000
1,000
1,000

getPairedCandidates: prod:...
1
getPairedCandidates: prod:...
3.0
getPairedCandidates: ID:...
75,000
72,000
75,000
72,000
51,000
75,000
51,000
72,000
51,000
27,000
27,000
27,000

getPairedCandidates: beg:...
9.0
getPairedCandidates: end:...
10.0
getPairedCandidates: I:...
0,000
1,000
0,000
1,000
1,000
0,000
1,000
1,000
1,000
1,000
1,000
1,000

getPairedCandidates: prod:...
1
getPairedCandidates: prod:...
1
getPairedCandidates: ID:...
75,000
73,000
75,000
73,000
52,000
75,000
52,000
73,000
52,000
28,000
28,000
28,000

getPairedCandidates: ID:...
1,000
2,000
1,000
2,000
3,000
1,000
3,000
2,000
3,000
4,000
4,000
4,000

getPairedCandidates: M:...
# FRAME: nrow = 4, ncol = 1
# C1
# STRING
28·4
73·2
52·3
75·1

getPairedCandidates: map:...
1,000 0,000 1,000 0,000 0,000 1,000 0,000 0,000 0,000 0,000 0,000 0,000
0,000 1,000 0,000 1,000 0,000 0,000 0,000 1,000 0,000 0,000 0,000 0,000
0,000 0,000 0,000 0,000 1,000 0,000 1,000 0,000 1,000 0,000 0,000 0,000
0,000 0,000 0,000 0,000 0,000 0,000 0,000 0,000 0,000 1,000 1,000 1,000

getPairedCandidates: ubSizes:...
1,000
1,000
1,000
1,000

getPairedCandidates: ubSizes:...
1,000
1,000
1,000
1,000

getPairedCandidates: fSizes:...
1,000
1,000
1,000
1,000

getPairedCandidates: ubError:...
0,000
0,000
0,000
0,000

getPairedCandidates: ubError:...
0,000
0,000
0,000
0,000

getPairedCandidates: ubMError:...
0,000
0,000
0,000
0,000

getPairedCandidates: ubMError:...
0,000
0,000
0,000
0,000

ScoreUB: s:...
1,000 1,000 1,000
1,000 1,000 1,000
1,000 1,000 1,000
1,000 1,000 1,000

ScoreUB: sc:...
2,066
2,066
2,066
2,066

ScoreUB: sc:...
2,066
2,066
2,066
2,066

getPairedCandidates: ubScores:...
2,066
2,066
2,066
2,066

analyzeTopK: TKC:...
2,066 0,000 0,000 1,000
2,066 0,000 0,000 1,000

analyzeTopK: minsc:...
-Infinity
analyzeTopK: maxsc:...
2.0655160710749736
analyzeTopK: minsc:...
2.0655160710749736
getPairedCandidates: maxsc:...
2.0655160710749736
getPairedCandidates: minsc:...
2.0655160710749736
getPairedCandidates: fScores:...
1,000
1,000
1,000
1,000

getPairedCandidates: numParents:...
3,000
3,000
3,000
3,000

getPairedCandidates: fParents:...
1,000
1,000
1,000
1,000

getPairedCandidates: fall:...
1,000
1,000
1,000
1,000

getPairedCandidates: Dedup:...
1,000 0,000 1,000 0,000 0,000 1,000 0,000 0,000 0,000 0,000 0,000 0,000
0,000 1,000 0,000 1,000 0,000 0,000 0,000 1,000 0,000 0,000 0,000 0,000
0,000 0,000 0,000 0,000 1,000 0,000 1,000 0,000 1,000 0,000 0,000 0,000
0,000 0,000 0,000 0,000 0,000 0,000 0,000 0,000 0,000 1,000 1,000 1,000

getPairedCandidates: DeI:...
0,000
0,000
0,000
0,000
0,000
1,000
0,000
1,000
1,000
0,000
0,000
1,000

getPairedCandidates: P:...
1,000 0,000 0,000 1,000 0,000 1,000 0,000 0,000 0,000 0,000
1,000 0,000 0,000 1,000 0,000 0,000 0,000 0,000 1,000 0,000
1,000 0,000 0,000 0,000 0,000 1,000 0,000 0,000 1,000 0,000
0,000 0,000 0,000 1,000 0,000 1,000 0,000 0,000 1,000 0,000

SliceFinder: S:...
1,000 0,000 0,000 1,000 0,000 1,000 0,000 0,000 0,000 0,000
1,000 0,000 0,000 1,000 0,000 0,000 0,000 0,000 1,000 0,000
1,000 0,000 0,000 0,000 0,000 1,000 0,000 0,000 1,000 0,000
0,000 0,000 0,000 1,000 0,000 1,000 0,000 0,000 1,000 0,000

SliceFinder: S2:...
1,000 0,000 0,000 1,000 0,000 1,000 0,000 0,000 0,000 0,000
1,000 0,000 0,000 1,000 0,000 0,000 0,000 0,000 1,000 0,000
1,000 0,000 0,000 0,000 0,000 1,000 0,000 0,000 1,000 0,000
0,000 0,000 0,000 1,000 0,000 1,000 0,000 0,000 1,000 0,000

SliceFinder: S2:...
1,000 0,000 1,000 0,000 1,000 0,000 0,000 0,000
1,000 0,000 1,000 0,000 0,000 0,000 1,000 0,000
1,000 0,000 0,000 0,000 1,000 0,000 1,000 0,000
0,000 0,000 1,000 0,000 1,000 0,000 1,000 0,000


SliceFinder: level 3:
 -- generated paired slice candidates: 6 -> 4
SliceFinder: R:...
0,000 0,000 0,000 0,000
0,000 0,000 0,000 0,000
0,000 0,000 0,000 0,000
0,000 0,000 0,000 0,000

SliceFinder: beg:...
1
SliceFinder: end:...
4
evalSlice: I:...
0,000 0,000 0,000 0,000
1,000 1,000 1,000 1,000
0,000 0,000 0,000 0,000
0,000 0,000 0,000 0,000

evalSlice: ss:...
1,000
1,000
1,000
1,000

evalSlice: se:...
0,000
0,000
0,000
0,000

evalSlice: sm:...
0,000
0,000
0,000
0,000

Score: sc:...
2,066
2,066
2,066
2,066

Score: sc:...
2,066
2,066
2,066
2,066

evalSlice: sc:...
2,066
2,066
2,066
2,066

evalSlice: R:...
2,066 0,000 0,000 1,000
2,066 0,000 0,000 1,000
2,066 0,000 0,000 1,000
2,066 0,000 0,000 1,000

SliceFinder: R:...
2,066 0,000 0,000 1,000
2,066 0,000 0,000 1,000
2,066 0,000 0,000 1,000
2,066 0,000 0,000 1,000

maintainTopK: I:...
1,000
1,000
1,000
1,000

maintainTopK: S:...
1,000 0,000 0,000 1,000 0,000 1,000 0,000 0,000 0,000 0,000
1,000 0,000 0,000 1,000 0,000 0,000 0,000 0,000 1,000 0,000
1,000 0,000 0,000 0,000 0,000 1,000 0,000 0,000 1,000 0,000
0,000 0,000 0,000 1,000 0,000 1,000 0,000 0,000 1,000 0,000

maintainTopK: R:...
2,066 0,000 0,000 1,000
2,066 0,000 0,000 1,000
2,066 0,000 0,000 1,000
2,066 0,000 0,000 1,000

maintainTopK: slices:...
maintainTopK: scores:...
maintainTopK: IX:...
1,000
2,000
3,000
4,000
5,000
6,000

maintainTopK: IX:...
1,000
2,000

maintainTopK: P:...
1,000 0,000 0,000 0,000 0,000 0,000
0,000 1,000 0,000 0,000 0,000 0,000

maintainTopK: TK:...
0,000 0,000 0,000 0,000 0,000 0,000 0,000 0,000 1,000 0,000
1,000 0,000 0,000 1,000 0,000 0,000 0,000 0,000 0,000 0,000

maintainTopK: TKC:...
2,066 0,000 0,000 1,000
2,066 0,000 0,000 1,000

SliceFinder: TK:...
0,000 0,000 0,000 0,000 0,000 0,000 0,000 0,000 1,000 0,000
1,000 0,000 0,000 1,000 0,000 0,000 0,000 0,000 0,000 0,000

SliceFinder: TKC:...
2,066 0,000 0,000 1,000
2,066 0,000 0,000 1,000

analyzeTopK: TKC:...
2,066 0,000 0,000 1,000
2,066 0,000 0,000 1,000

analyzeTopK: minsc:...
-Infinity
analyzeTopK: maxsc:...
2.0655160710749736
analyzeTopK: minsc:...
2.0655160710749736
 -- valid slices after eval: 4/4
 -- top-K: count=2, max=2.0655160710749736, min=2.0655160710749736
 -- (time=242662125)
SliceFinder: level:...
4
SliceFinder: nrS:...
4
getPairedCandidates: pI:...
1,000
1,000
1,000
1,000

getPairedCandidates: S:...
1,000 0,000 0,000 1,000 0,000 1,000 0,000 0,000 0,000 0,000
1,000 0,000 0,000 1,000 0,000 0,000 0,000 0,000 1,000 0,000
1,000 0,000 0,000 0,000 0,000 1,000 0,000 0,000 1,000 0,000
0,000 0,000 0,000 1,000 0,000 1,000 0,000 0,000 1,000 0,000

getPairedCandidates: R:...
2,066 0,000 0,000 1,000
2,066 0,000 0,000 1,000
2,066 0,000 0,000 1,000
2,066 0,000 0,000 1,000

getPairedCandidates: join:...
0,000 1,000 1,000 1,000
1,000 0,000 1,000 1,000
1,000 1,000 0,000 1,000
1,000 1,000 1,000 0,000

getPairedCandidates: I:...
0,000 1,000 1,000 1,000
0,000 0,000 1,000 1,000
0,000 0,000 0,000 1,000
0,000 0,000 0,000 0,000

getPairedCandidates: nr:...
4
getPairedCandidates: rix:...
0,000
1,000
1,000
1,000
0,000
0,000
2,000
2,000
0,000
0,000
0,000
3,000
0,000
0,000
0,000
0,000

getPairedCandidates: cix:...
0,000
2,000
3,000
4,000
0,000
0,000
3,000
4,000
0,000
0,000
0,000
4,000
0,000
0,000
0,000
0,000

getPairedCandidates: rix:...
1,000
1,000
1,000
2,000
2,000
3,000

getPairedCandidates: cix:...
2,000
3,000
4,000
3,000
4,000
4,000

getPairedCandidates: P:...

getPairedCandidates: P1:...
1,000 0,000 0,000 0,000
1,000 0,000 0,000 0,000
1,000 0,000 0,000 0,000
0,000 1,000 0,000 0,000
0,000 1,000 0,000 0,000
0,000 0,000 1,000 0,000

getPairedCandidates: P2:...
0,000 1,000 0,000 0,000
0,000 0,000 1,000 0,000
0,000 0,000 0,000 1,000
0,000 0,000 1,000 0,000
0,000 0,000 0,000 1,000
0,000 0,000 0,000 1,000

getPairedCandidates: P12:...
1,000 1,000 0,000 0,000
1,000 0,000 1,000 0,000
1,000 0,000 0,000 1,000
0,000 1,000 1,000 0,000
0,000 1,000 0,000 1,000
0,000 0,000 1,000 1,000

getPairedCandidates: P:...
1,000 0,000 0,000 1,000 0,000 1,000 0,000 0,000 1,000 0,000
1,000 0,000 0,000 1,000 0,000 1,000 0,000 0,000 1,000 0,000
1,000 0,000 0,000 1,000 0,000 1,000 0,000 0,000 1,000 0,000
1,000 0,000 0,000 1,000 0,000 1,000 0,000 0,000 1,000 0,000
1,000 0,000 0,000 1,000 0,000 1,000 0,000 0,000 1,000 0,000
1,000 0,000 0,000 1,000 0,000 1,000 0,000 0,000 1,000 0,000

getPairedCandidates: se:...
0,000
0,000
0,000
0,000
0,000
0,000

getPairedCandidates: sm:...
0,000
0,000
0,000
0,000
0,000
0,000

getPairedCandidates: ss:...
1,000
1,000
1,000
1,000
1,000
1,000

getPairedCandidates: I:...
1,000
1,000
1,000
1,000
1,000
1,000

getPairedCandidates: beg:...
1.0
getPairedCandidates: end:...
2.0
getPairedCandidates: I:...
1,000
1,000
1,000
1,000
1,000
1,000

getPairedCandidates: beg:...
3.0
getPairedCandidates: end:...
5.0
getPairedCandidates: I:...
1,000
1,000
1,000
1,000
1,000
1,000

getPairedCandidates: beg:...
6.0
getPairedCandidates: end:...
8.0
getPairedCandidates: I:...
1,000
1,000
1,000
1,000
1,000
1,000

getPairedCandidates: beg:...
9.0
getPairedCandidates: end:...
10.0
getPairedCandidates: I:...
1,000
1,000
1,000
1,000
1,000
1,000

getPairedCandidates: P12:...
1,000 1,000 0,000 0,000
1,000 0,000 1,000 0,000
1,000 0,000 0,000 1,000
0,000 1,000 1,000 0,000
0,000 1,000 0,000 1,000
0,000 0,000 1,000 1,000

getPairedCandidates: P:...
1,000 0,000 0,000 1,000 0,000 1,000 0,000 0,000 1,000 0,000
1,000 0,000 0,000 1,000 0,000 1,000 0,000 0,000 1,000 0,000
1,000 0,000 0,000 1,000 0,000 1,000 0,000 0,000 1,000 0,000
1,000 0,000 0,000 1,000 0,000 1,000 0,000 0,000 1,000 0,000
1,000 0,000 0,000 1,000 0,000 1,000 0,000 0,000 1,000 0,000
1,000 0,000 0,000 1,000 0,000 1,000 0,000 0,000 1,000 0,000

getPairedCandidates: ss:...
1,000
1,000
1,000
1,000
1,000
1,000

getPairedCandidates: se:...
0,000
0,000
0,000
0,000
0,000
0,000

getPairedCandidates: sm:...
0,000
0,000
0,000
0,000
0,000
0,000

getPairedCandidates: ID:...
0,000
0,000
0,000
0,000
0,000
0,000

getPairedCandidates: dom:...
3,000 4,000 4,000 3,000

getPairedCandidates: beg:...
1.0
getPairedCandidates: end:...
2.0
getPairedCandidates: I:...
1,000
1,000
1,000
1,000
1,000
1,000

getPairedCandidates: prod:...
1
getPairedCandidates: prod:...
48.0
getPairedCandidates: ID:...
48,000
48,000
48,000
48,000
48,000
48,000

getPairedCandidates: beg:...
3.0
getPairedCandidates: end:...
5.0
getPairedCandidates: I:...
2,000
2,000
2,000
2,000
2,000
2,000

getPairedCandidates: prod:...
1
getPairedCandidates: prod:...
12.0
getPairedCandidates: ID:...
72,000
72,000
72,000
72,000
72,000
72,000

getPairedCandidates: beg:...
6.0
getPairedCandidates: end:...
8.0
getPairedCandidates: I:...
1,000
1,000
1,000
1,000
1,000
1,000

getPairedCandidates: prod:...
1
getPairedCandidates: prod:...
3.0
getPairedCandidates: ID:...
75,000
75,000
75,000
75,000
75,000
75,000

getPairedCandidates: beg:...
9.0
getPairedCandidates: end:...
10.0
getPairedCandidates: I:...
1,000
1,000
1,000
1,000
1,000
1,000

getPairedCandidates: prod:...
1
getPairedCandidates: prod:...
1
getPairedCandidates: ID:...
76,000
76,000
76,000
76,000
76,000
76,000

getPairedCandidates: ID:...
1,000
1,000
1,000
1,000
1,000
1,000

getPairedCandidates: M:...
# FRAME: nrow = 1, ncol = 1
# C1
# STRING
76·1

getPairedCandidates: map:...
1,000 1,000 1,000 1,000 1,000 1,000

getPairedCandidates: ubSizes:...
1,000

getPairedCandidates: ubSizes:...
1,000

getPairedCandidates: fSizes:...
1,000

getPairedCandidates: ubError:...
0,000

getPairedCandidates: ubError:...
0,000

getPairedCandidates: ubMError:...
0,000

getPairedCandidates: ubMError:...
0,000

ScoreUB: s:...
1,000 1,000 1,000

ScoreUB: sc:...
2,066

ScoreUB: sc:...
2,066

getPairedCandidates: ubScores:...
2,066

analyzeTopK: TKC:...
2,066 0,000 0,000 1,000
2,066 0,000 0,000 1,000

analyzeTopK: minsc:...
-Infinity
analyzeTopK: maxsc:...
2.0655160710749736
analyzeTopK: minsc:...
2.0655160710749736
getPairedCandidates: maxsc:...
2.0655160710749736
getPairedCandidates: minsc:...
2.0655160710749736
getPairedCandidates: fScores:...
1,000

getPairedCandidates: numParents:...
4,000

getPairedCandidates: fParents:...
1,000

getPairedCandidates: fall:...
1,000

getPairedCandidates: Dedup:...
1,000 1,000 1,000 1,000 1,000 1,000

getPairedCandidates: DeI:...
0,000
0,000
0,000
0,000
0,000
1,000

getPairedCandidates: P:...
1,000 0,000 0,000 1,000 0,000 1,000 0,000 0,000 1,000 0,000

SliceFinder: S:...
1,000 0,000 0,000 1,000 0,000 1,000 0,000 0,000 1,000 0,000

SliceFinder: S2:...
1,000 0,000 0,000 1,000 0,000 1,000 0,000 0,000 1,000 0,000

SliceFinder: S2:...
1,000 0,000 1,000 0,000 1,000 0,000 1,000 0,000


SliceFinder: level 4:
 -- generated paired slice candidates: 4 -> 1
SliceFinder: R:...
0,000 0,000 0,000 0,000

SliceFinder: beg:...
1
SliceFinder: end:...
1
evalSlice: I:...
0,000
1,000
0,000
0,000

evalSlice: ss:...
1,000

evalSlice: se:...
0,000

evalSlice: sm:...
0,000

Score: sc:...
2,066

Score: sc:...
2,066

evalSlice: sc:...
2,066

evalSlice: R:...
2,066 0,000 0,000 1,000

SliceFinder: R:...
2,066 0,000 0,000 1,000

maintainTopK: I:...
1,000

maintainTopK: S:...
1,000 0,000 0,000 1,000 0,000 1,000 0,000 0,000 1,000 0,000

maintainTopK: R:...
2,066 0,000 0,000 1,000

maintainTopK: slices:...
maintainTopK: scores:...
maintainTopK: IX:...
1,000
2,000
3,000

maintainTopK: IX:...
1,000
2,000

maintainTopK: P:...
1,000 0,000 0,000
0,000 1,000 0,000

maintainTopK: TK:...
0,000 0,000 0,000 0,000 0,000 0,000 0,000 0,000 1,000 0,000
1,000 0,000 0,000 1,000 0,000 0,000 0,000 0,000 0,000 0,000

maintainTopK: TKC:...
2,066 0,000 0,000 1,000
2,066 0,000 0,000 1,000

SliceFinder: TK:...
0,000 0,000 0,000 0,000 0,000 0,000 0,000 0,000 1,000 0,000
1,000 0,000 0,000 1,000 0,000 0,000 0,000 0,000 0,000 0,000

SliceFinder: TKC:...
2,066 0,000 0,000 1,000
2,066 0,000 0,000 1,000

analyzeTopK: TKC:...
2,066 0,000 0,000 1,000
2,066 0,000 0,000 1,000

analyzeTopK: minsc:...
-Infinity
analyzeTopK: maxsc:...
2.0655160710749736
analyzeTopK: minsc:...
2.0655160710749736
 -- valid slices after eval: 1/1
 -- top-K: count=2, max=2.0655160710749736, min=2.0655160710749736
 -- (time=282464625)
decodeTopK: R:...
1,000 1,000 1,000 1,000
1,000 1,000 1,000 1,000

decodeTopK: beg:...
decodeTopK: beg:...
6.0
decodeTopK: beg:...
decodeTopK: beg:...
3.0
decodeTopK: end:...
5.0
decodeTopK: I:...
0,000
2,000

9.0
decodeTopK: end:...
1.0
decodeTopK: end:...
10.0
decodeTopK: I:...
decodeTopK: end:...
2.0
decodeTopK: I:...
1,000
0,000

8.0
decodeTopK: I:...
0,000
0,000

0,000
1,000

decodeTopK: R:...
0,000 0,000 0,000 1,000
1,000 2,000 0,000 0,000

decodeTopK: TK:...
0,000 0,000 0,000 1,000
1,000 2,000 0,000 0,000

SliceFinder: TK:...
0,000 0,000 0,000 1,000
1,000 2,000 0,000 0,000

SliceFinder: terminated at level 4:
0,000 0,000 0,000 1,000
1,000 2,000 0,000 0,000

2,066 0,000 0,000 1,000
2,066 0,000 0,000 1,000

0,000 0,000 0,000 1,000
1,000 2,000 0,000 0,000

SystemDS Statistics:
Total execution time:		0,408 sec.
Number of executed Spark inst:	0.

