1 1 0.3694
1 2 0.9808
1 3 0.9956
1 4 0.6946
1 5 0.1124
1 6 0.2524
1 7 0.0752
1 8 0.8198
1 9 0.0596
1 10 0.2604
2 1 0.76
2 2 0.791
2 3 0.615
2 4 0.332
2 5 0.2954
2 6 0.9776
2 7 0.2904
2 8 0.811
2 9 0.6716
2 10 0.7768
3 1 0.0972
3 2 0.3992
3 3 0.973
3 4 0.5432
3 5 0.9044
3 6 0.3462
3 7 0.5376
3 8 0.9416
3 9 0.2758
3 10 0.162
4 1 0.4748
4 2 0.765
4 3 0.0872
4 4 0.6464
4 5 0.4988
4 6 0.9086
4 7 0.9934
4 8 0.1666
4 9 0.2754
4 10 0.5138
5 1 0.898
5 2 0.4192
5 3 0.4468
5 4 0.6542
5 5 0.859
5 6 0.2582
5 7 0.0576
5 8 0.8724
5 9 0.5358
5 10 0.2926
6 1 0.5646
6 2 0.655
6 3 0.0614
6 4 0.8312
6 5 0.8566
6 6 0.3492
6 7 0.7554
6 8 0.607
6 9 0.754
6 10 0.1416
7 1 0.387
7 2 0.1174
7 3 0.4204
7 4 0.652
7 5 0.161
7 6 0.263
7 7 0.0392
7 8 0.0276
7 9 0.9464
7 10 0.669
8 1 0.1672
8 2 0.7396
8 3 0.0748
8 4 0.7778
8 5 0.988
8 6 0.7352
8 7 0.7332
8 8 0.744
8 9 0.5878
8 10 0.1572
9 1 0.0156
9 2 0.3296
9 3 0.5152
9 4 0.5822
9 5 0.7696
9 6 0.9004
9 7 0.033
9 8 0.954
9 9 0.6996
9 10 0.1598
10 1 0.804
10 2 0.842
10 3 0.0384
10 4 0.8306
10 5 0.3416
10 6 0.0458
10 7 0.9282
10 8 0.8056
10 9 0.3552
10 10 0.7362