100 1 4.3769139801900305
99 1 8.027623332132755
98 1 1.203113540767237
97 1 5.591926254784428
96 1 2.4400371797702247
95 1 6.3848993176320725
94 1 9.922287814882237
93 1 6.465876934106528
92 1 7.362800220748909
91 1 8.350515842993028
90 1 8.78111564215553
89 1 1.4987933967726286
88 1 7.534501035579668
87 1 7.77889651383898
86 1 4.510506493716013
85 1 7.090595402392955
84 1 8.289554441097957
83 1 1.5816960632347912
82 1 1.3361540883575573
81 1 2.141166550974152
80 1 3.527335202634957
79 1 2.1025259717358735
78 1 6.5768948828446
77 1 5.341097164796865
76 1 5.16405146436453
75 1 7.198710369851288
74 1 1.8250978336963792
73 1 8.919455407522994
72 1 8.916650222263886
71 1 4.53007483807469
70 1 1.2090842905109493
69 1 7.348591267343177
68 1 8.918753029196887
67 1 5.554764550556165
66 1 3.2375805018723423
65 1 8.50597065490027
64 1 2.6686241449424193
63 1 5.73209571867327
62 1 2.7262006551288707
61 1 4.793042097032142
60 1 8.809168650124498
59 1 1.4324358418011611
58 1 4.305961053539605
57 1 7.7111335452904735
56 1 3.239963005087444
55 1 5.054117794423715
54 1 6.0138260342860645
53 1 6.394380841505717
52 1 3.0613161091145953
51 1 8.847383122775108
50 1 2.465284621520722
49 1 7.599687639232559
48 1 5.8503617317084835
47 1 9.945357568496977
46 1 3.1089591885016197
45 1 8.6537160434684
44 1 4.769182785319053
43 1 2.10205794759324
42 1 7.063243915990652
41 1 6.856909510915032
40 1 3.004965494918385
39 1 1.6374295129646412
38 1 2.0349764667320147
37 1 4.844544993298378
36 1 5.042186750127971
35 1 4.089415476903668
34 1 9.820139187973412
33 1 7.404819352888195
32 1 7.2668302813088985
31 1 2.0730571512796416
30 1 2.8865929936256416
29 1 5.253963948192227
28 1 1.4026370910881694
27 1 5.8466257112423685
26 1 2.538840506244017
25 1 4.268392687187619
24 1 4.279383905185242
23 1 8.08478471072642
22 1 3.1648234879735884
21 1 5.6738798600521925
20 1 1.4331956104538026
19 1 5.358784221473983
18 1 6.064747787880353
17 1 4.691770500659819
16 1 7.0388870533282635
15 1 8.823686662631474
14 1 5.3619431146880325
13 1 3.142220795796569
12 1 1.6743372161600818
11 1 3.6126229127602274
10 1 2.4957516670053836
9 1 4.504470889030497
8 1 4.416893826842417
7 1 5.438080112420965
6 1 8.796448638529146
5 1 4.934147195860399
4 1 4.771810748655955
3 1 2.900221224387267
2 1 4.642194933498772
1 1 2.737598722843632
100 2 5.995135866402236
99 2 8.478727834983552
98 2 3.379504809142631
97 2 3.089753838234359
96 2 6.522051977456709
95 2 8.059423683795252
94 2 1.7580061056759697
93 2 5.628850967055934
92 2 5.431938379462092
91 2 1.2406721468538877
90 2 7.079073993105925
89 2 2.196585045656752
88 2 3.026831871819693
87 2 5.576910523454787
86 2 5.912682048396247
85 2 3.5432736711340467
84 2 7.864422018856483
83 2 7.395493794774631
82 2 3.3389573419795826
81 2 4.003782688240248
80 2 8.865686935619262
79 2 3.48733865501235
78 2 1.1905824250694228
77 2 6.260435575469428
76 2 3.5670589788972507
75 2 7.81709722982894
74 2 3.1897271886728507
73 2 8.875452619025522
72 2 6.01712403151047
71 2 9.752863633681804
70 2 6.479512941236978
69 2 6.092922892157441
68 2 2.8178497530533906
67 2 5.315410616789365
66 2 2.0500064921066214
65 2 4.410307631701373
64 2 5.810346485131223
63 2 6.9469578439961595
62 2 6.558747124167927
61 2 6.419472530786916
60 2 7.905159402929127
59 2 9.299471604372691
58 2 4.045803706413683
57 2 2.417254647401195
56 2 8.557090504954612
55 2 5.542495884494873
54 2 9.043362818148276
53 2 1.285557692675026
52 2 5.384553592548705
51 2 4.690513799574637
50 2 3.5798496953233396
49 2 6.14098005748075
48 2 1.4334598922330086
47 2 9.449841461153708
46 2 4.578577908635394
45 2 2.2539740350715727
44 2 5.5856342538374335
43 2 4.085052068538123
42 2 5.150932936637784
41 2 6.737535636265367
40 2 3.611763734899667
39 2 1.8049323026854487
38 2 1.2840855434982
37 2 4.505426271222238
36 2 3.368875822072158
35 2 3.1679688097222947
34 2 9.423236101340597
33 2 8.999924889656095
32 2 5.642350514015798
31 2 5.0073668528040844
30 2 7.448391131220806
29 2 9.189112792302689
28 2 4.132460834307073
27 2 1.3755998582678126
26 2 1.5456709227969876
25 2 5.3336882302694155
24 2 1.0854459988378475
23 2 8.00848978902256
22 2 7.473147763308379
21 2 3.0233128709788595
20 2 7.0691160977689735
19 2 6.808820155668854
18 2 4.721215781690676
17 2 5.982489929540431
16 2 2.3929871520988892
15 2 3.849478111419927
14 2 3.0674920725519654
13 2 3.1459720209485273
12 2 8.672948623559192
11 2 7.396130257635428
10 2 1.0262498376166533
9 2 8.503702957586446
8 2 5.040459823910235
7 2 2.449427130825672
6 2 2.69238052715227
5 2 5.21528779234187
4 2 8.496281459772721
3 2 7.3067415343788005
2 2 7.479890278741937
1 2 5.493996136475838
100 3 2.806639563422584
99 3 6.375879065979656
98 3 7.593886696889645
97 3 1.4744757645701032
96 3 7.432141783865015
95 3 9.750243964020331
94 3 6.067151930727741
93 3 1.565871460631298
92 3 1.6122401736237355
91 3 9.365095415676079
90 3 6.378894561684843
89 3 9.435085047132931
88 3 6.773090607956986
87 3 6.545104286214962
86 3 4.690943797466032
85 3 9.520051238999303
84 3 5.097283376849226
83 3 2.0574652920160696
82 3 5.720742840931531
81 3 6.346598903265695
80 3 2.048959748834439
79 3 6.298144716359218
78 3 5.057479815610049
77 3 3.443214703974001
76 3 8.35595824726407
75 3 3.8101615089328815
74 3 5.685251588779943
73 3 6.337839560817158
72 3 8.948994595277895
71 3 2.633897142249797
70 3 1.2132568040808578
69 3 9.136694501715914
68 3 4.357869763894136
67 3 1.9894397905539578
66 3 2.31302181169318
65 3 5.185139865586186
64 3 3.064712091133836
63 3 8.790956729193464
62 3 2.862657819704718
61 3 8.310564033149205
60 3 5.314249381810793
59 3 8.49309971538027
58 3 7.2981471879525905
57 3 8.147304300938206
56 3 9.881111859704957
55 3 2.7694422103979397
54 3 6.671664027592702
53 3 8.043598624452395
52 3 3.294166977947665
51 3 1.522945425772349
50 3 6.916923674923531
49 3 6.050569370397026
48 3 8.017885752342618
47 3 9.728458222547147
46 3 5.821564459280734
45 3 4.493236731076687
44 3 5.0907398800150805
43 3 4.607246639184852
42 3 4.206561027395077
41 3 7.623565354868766
40 3 5.72063024688637
39 3 6.633555260915973
38 3 1.8126676819435366
37 3 2.8555402365187543
36 3 6.337346220476572
35 3 5.873199692928712
34 3 9.393894215336868
33 3 2.0822762258470995
32 3 2.6020570020847917
31 3 9.154190472675339
30 3 9.518012294142146
29 3 3.5751559916151896
28 3 3.8738337642976477
27 3 5.569388220129587
26 3 5.574093668189529
25 3 4.965001872023772
24 3 7.633203043212578
23 3 7.81118942249804
22 3 1.4870785279826355
21 3 8.805276582701875
20 3 1.3627318547625538
19 3 2.8382446638765835
18 3 6.639376491455852
17 3 7.217317811328158
16 3 5.384642992872004
15 3 5.374206282366788
14 3 7.499498141366603
13 3 4.117601133300953
12 3 8.155462454045487
11 3 2.7385103496836702
10 3 9.45771744859869
9 3 7.527036814040748
8 3 5.517698653112993
7 3 2.5091853960143773
6 3 9.368766489536466
5 3 5.462296139335413
4 3 4.408550680867622
3 3 7.517697200804095
2 3 2.3015599764664576
1 3 1.9091697547715474
100 4 6.255524473196044
99 4 3.352858842547854
98 4 2.8884149796284646
97 4 1.8440962450747216
96 4 2.5177154743005166
95 4 4.76547964816774
94 4 1.1931796243285215
93 4 7.70767434783624
92 4 8.602957842944516
91 4 5.33653585740326
90 4 6.352045449213486
89 4 5.722980683158967
88 4 6.030100217311799
87 4 8.741522059879678
86 4 1.4397193914739423
85 4 9.533564628286415
84 4 7.606274591090153
83 4 9.281549521946014
82 4 3.440392469239585
81 4 8.790047131394745
80 4 2.1741808231909276
79 4 7.6198884094904304
78 4 7.9422892942043655
77 4 6.771428968287883
76 4 6.1289010694607695
75 4 6.163041458254215
74 4 2.3517489479311995
73 4 8.400928133185928
72 4 1.204247153870713
71 4 6.586347415263716
70 4 7.1268372888914575
69 4 8.156350185754738
68 4 6.028637325255694
67 4 5.004116598313136
66 4 5.530490086742217
65 4 9.374989609775149
64 4 6.950505417089606
63 4 7.284298104111583
62 4 9.403187319117407
61 4 7.453062116396585
60 4 4.633241940909347
59 4 6.007677256934671
58 4 4.455159502650748
57 4 4.43966755669895
56 4 9.91966396179224
55 4 4.571605376492629
54 4 4.578124113628999
53 4 5.525286326937491
52 4 2.4660193214705552
51 4 2.9382599204134108
50 4 3.6765548475397014
49 4 1.9248034326660148
48 4 9.645519509388953
47 4 3.5274365436109703
46 4 9.518479895365608
45 4 7.655067923089387
44 4 4.221405003852716
43 4 5.75387139815807
42 4 2.1058138634363353
41 4 1.7069801184048372
40 4 3.28954221154884
39 4 2.709096557038329
38 4 1.0642193805789406
37 4 5.112111659273984
36 4 3.990550999611572
35 4 2.4878242031878335
34 4 3.5525006053898656
33 4 9.403857506707636
32 4 3.491463289619018
31 4 6.65886447885779
30 4 4.191527091358061
29 4 3.9731172772095977
28 4 8.73691304879691
27 4 4.380572770819009
26 4 2.5126906249930814
25 4 7.818509467106399
24 4 4.469858952478848
23 4 4.660829180672457
22 4 2.4258916171416574
21 4 2.1911160850196425
20 4 1.0218353592333194
19 4 3.261549308547953
18 4 8.207057930867435
17 4 2.6337591006406695
16 4 4.372737968903965
15 4 5.747725210252179
14 4 3.505193396629642
13 4 4.914806899316485
12 4 2.980137390985292
11 4 3.180999679461592
10 4 7.86896010512943
9 4 7.356514296373864
8 4 2.878126859469791
7 4 3.9577690940392403
6 4 8.292789046350642
5 4 6.057891082039757
4 4 7.545699065024573
3 4 9.291819587396478
2 4 4.282524526268235
1 4 3.5121043943207875
100 5 8.598455749486542
99 5 2.6815818890353023
98 5 6.784953655191494
97 5 2.1604903879046082
96 5 4.0105814861593565
95 5 9.56669473498349
94 5 3.544744182697171
93 5 7.857071094266422
92 5 3.176707580106493
91 5 2.384169381628702
90 5 9.080337040692081
89 5 1.2210638670921399
88 5 9.519959341134122
87 5 1.575376739227881
86 5 3.705945761938129
85 5 2.2260677671980895
84 5 3.358606849019009
83 5 1.1665832294658078
82 5 7.7889944472006025
81 5 2.8879594574971645
80 5 9.555204224951394
79 5 7.985472755325544
78 5 9.002772479646605
77 5 5.022430976246627
76 5 9.247760643843092
75 5 4.834700059784124
74 5 1.4111214830228809
73 5 6.70955873148312
72 5 6.162941411120167
71 5 4.1224759427201105
70 5 5.885151640238345
69 5 4.965404186031467
68 5 9.011301987374843
67 5 7.45018292787325
66 5 4.351992267382768
65 5 1.1206450931484269
64 5 6.464552345722913
63 5 1.657022251574186
62 5 8.37556973649341
61 5 4.406238556850672
60 5 2.214851728921838
59 5 4.821692642630795
58 5 5.569420994862307
57 5 2.246114911098646
56 5 6.616136555513769
55 5 4.72110015576366
54 5 4.34153403076016
53 5 9.756903557775079
52 5 7.407478055177035
51 5 1.246098857425018
50 5 1.4712229969277164
49 5 4.954688818856685
48 5 5.018471980218938
47 5 4.274263235719106
46 5 3.018032560361423
45 5 6.1687985520432225
44 5 8.95665858271882
43 5 9.499691462705973
42 5 4.062674495878456
41 5 8.162622378248376
40 5 8.776975472475144
39 5 1.7198401125857892
38 5 3.7799955176327824
37 5 6.4614628066584645
36 5 5.13324033827148
35 5 8.07939026870842
34 5 6.343975208643391
33 5 6.38741664220521
32 5 6.411664940621121
31 5 7.771144684132163
30 5 3.164756663488497
29 5 3.3012875471704897
28 5 4.446401515929141
27 5 8.693956733339085
26 5 3.957707765453743
25 5 1.5515299580887407
24 5 5.817119245139044
23 5 7.567689076395014
22 5 4.1445134334105
21 5 4.630225497885856
20 5 6.228612195023703
19 5 9.005205455370657
18 5 1.0862995760317684
17 5 8.036088329327638
16 5 2.472439469728082
15 5 9.041392605538697
14 5 9.648788283959089
13 5 8.344503540146523
12 5 1.4705949574099528
11 5 1.6192139577275286
10 5 9.599483522312989
9 5 5.984596078803273
8 5 3.9012099576846553
7 5 3.532793857782331
6 5 9.33688940225896
5 5 6.223331783153812
4 5 2.9062859406096346
3 5 3.327534113624555
2 5 5.451758818806495
1 5 4.856647752756945
100 6 4.725257095002176
99 6 5.3464205577726
98 6 6.55962450464353
97 6 1.9948601280781988
96 6 1.2102490533003678
95 6 1.144061497368022
94 6 1.5133933715307366
93 6 7.124805526921723
92 6 3.9811711626503827
91 6 7.206674404372779
90 6 7.168345100915221
89 6 2.747716996880589
88 6 2.510132200619343
87 6 2.531919014104058
86 6 9.877111476372821
85 6 2.1655717451211434
84 6 7.343328346019838
83 6 2.6536334351873228
82 6 2.913687310755347
81 6 6.527178340526735
80 6 3.2067276991769305
79 6 4.143023704901125
78 6 5.338878502530152
77 6 1.0266331159668343
76 6 5.506281790521266
75 6 4.379385211115664
74 6 2.010281740783972
73 6 6.121306391975552
72 6 8.722671788859206
71 6 2.0903559137698706
70 6 7.236793914289512
69 6 8.269361673435114
68 6 2.200583843736287
67 6 1.1616990189541376
66 6 4.577655046782595
65 6 8.686804533558266
64 6 3.83251711582093
63 6 4.2166201347405865
62 6 1.286020533970702
61 6 5.624063397992048
60 6 8.137122148375534
59 6 9.46461200207266
58 6 3.8970656997580377
57 6 4.6621025643190555
56 6 6.232070317422422
55 6 6.319832768629106
54 6 9.460621129416928
53 6 7.528064037139702
52 6 1.2014555005434695
51 6 1.289015056398108
50 6 7.918339517313045
49 6 1.930443341987826
48 6 5.357726422043235
47 6 6.628906024127233
46 6 9.125393828018765
45 6 1.91379482537956
44 6 5.898150009751723
43 6 5.27323889403578
42 6 9.0167063014281
41 6 8.232968653817881
40 6 2.455806232853347
39 6 4.529235339292505
38 6 7.417708637149318
37 6 1.2468791764767202
36 6 4.045114487797334
35 6 3.0436398721975433
34 6 9.99963490044544
33 6 6.831804584509416
32 6 7.901891062902966
31 6 1.538284690798355
30 6 9.879342925243412
29 6 5.814217665815824
28 6 9.717937078162668
27 6 7.815186123878517
26 6 7.363669913906107
25 6 6.423147722323312
24 6 4.77015938128624
23 6 4.531172339043243
22 6 9.338317338735724
21 6 5.262074521499573
20 6 2.4442204437279793
19 6 1.24204264917775
18 6 3.8012676262518905
17 6 3.3003516669434614
16 6 4.652722419948994
15 6 4.216257277339648
14 6 4.040732288968359
13 6 9.384163612533051
12 6 6.647918597337006
11 6 7.518158854134629
10 6 4.957631169392187
9 6 8.767012095651733
8 6 6.728960484576312
7 6 9.86072517818888
6 6 9.032602997411043
5 6 9.159734202314752
4 6 2.3436720224543106
3 6 7.727853038552534
2 6 9.437547194013435
1 6 6.800052935914166
100 7 7.701605406905956
99 7 3.285803407543474
98 7 9.713862937661903
97 7 9.52781071500687
96 7 1.156799186229563
95 7 5.643953887893413
94 7 4.988656911318537
93 7 8.647208181369354
92 7 1.1068691518419829
91 7 6.539120573884631
90 7 8.34753226434233
89 7 6.9539651859739156
88 7 9.41389445874977
87 7 1.4174640634201965
86 7 1.9174544767178177
85 7 8.028662353150064
84 7 1.965264017424233
83 7 6.623555248605432
82 7 8.977026744590532
81 7 5.729059286887793
80 7 5.665589558320366
79 7 5.865920613498765
78 7 6.364417825571131
77 7 4.009156082679054
76 7 7.135649515251653
75 7 6.2646190715621035
74 7 8.342321876361822
73 7 9.070285540868456
72 7 3.618364197007289
71 7 1.4808509463077777
70 7 2.4199498133185218
69 7 7.344236953231101
68 7 2.5918028507088744
67 7 8.42859594354643
66 7 2.6320511901203405
65 7 5.808411395722331
64 7 1.5892212087468358
63 7 2.068285412598695
62 7 8.774967330153904
61 7 4.133007923902369
60 7 6.726130256904044
59 7 4.782502794445116
58 7 2.099716719440861
57 7 2.160240872201515
56 7 4.4343972294950404
55 7 1.8337178223980475
54 7 8.962110849617517
53 7 2.215588458191598
52 7 7.903377021029749
51 7 2.40405051903721
50 7 2.9299009803531577
49 7 1.7510738318024726
48 7 2.728074349677824
47 7 7.717066799900014
46 7 9.8469569611459
45 7 7.820575149667119
44 7 3.264339287687424
43 7 7.741605482760948
42 7 6.3544768384467805
41 7 5.887168764964055
40 7 8.191090995506043
39 7 1.9776362331134743
38 7 3.369227985719572
37 7 4.462502783492828
36 7 3.7795749569662136
35 7 3.8241495857932524
34 7 4.018819152939293
33 7 7.078202528252784
32 7 1.3696516368241038
31 7 6.0290768299202595
30 7 2.5340037708055325
29 7 6.089305699702664
28 7 5.553114079607644
27 7 1.7212422382031436
26 7 1.5980153813885307
25 7 2.8097315902906823
24 7 7.564039613026561
23 7 2.5243462324460735
22 7 7.652932311833316
21 7 4.479778117119117
20 7 8.376170224471059
19 7 4.252980088755118
18 7 8.663076352042907
17 7 2.565653177100292
16 7 4.007326505630591
15 7 3.6906709083948765
14 7 1.8354402730882156
13 7 8.891035429572481
12 7 9.530850940753522
11 7 7.949959067117786
10 7 3.7971478743820546
9 7 1.1006661827563788
8 7 9.294083958364205
7 7 4.91450633247503
6 7 2.7299448832366164
5 7 6.955974730985026
4 7 8.843869728952278
3 7 7.2632347161642725
2 7 9.961721042080548
1 7 7.96273184534437
100 8 2.595520353871622
99 8 7.666300707003521
98 8 4.511150425276563
97 8 2.619809261954884
96 8 8.990490042719731
95 8 5.004533947361626
94 8 6.953688421749283
93 8 2.7077693162070195
92 8 5.0856690121854315
91 8 5.786608664059328
90 8 7.251236762988677
89 8 5.553614765640514
88 8 1.3753326241604518
87 8 9.281933871354482
86 8 4.909533374882649
85 8 2.275951606187011
84 8 8.25588537878816
83 8 6.303580729737728
82 8 8.769169752071882
81 8 9.636276114090274
80 8 6.208691903923964
79 8 5.19287152509155
78 8 3.7606871011901264
77 8 6.533329205156523
76 8 7.002439375330501
75 8 3.698499458323311
74 8 6.429204015422088
73 8 3.1419813027302124
72 8 3.4150303617792237
71 8 1.250179446637897
70 8 6.728575747434204
69 8 4.196650061328129
68 8 9.975007637328591
67 8 2.1268309422783815
66 8 7.585084208960305
65 8 5.91924752611533
64 8 1.222509954950454
63 8 5.0192909582436105
62 8 4.730659166428797
61 8 4.091659745708052
60 8 3.989759250891239
59 8 1.487559647915596
58 8 1.3056312361283604
57 8 8.772757027812503
56 8 6.201078273939532
55 8 5.812575957553392
54 8 7.731016209525599
53 8 7.159936379969737
52 8 1.6924413888643124
51 8 3.742525162144517
50 8 4.350329032354013
49 8 5.095193520252807
48 8 4.550554195434181
47 8 4.6336772787855685
46 8 6.340931527843016
45 8 7.715728145953597
44 8 1.4714660533863402
43 8 3.485757363420377
42 8 1.3949092372764809
41 8 6.749078235780127
40 8 8.638713702854226
39 8 1.3718464168864601
38 8 7.66948079769729
37 8 5.952788012374906
36 8 3.620995108535877
35 8 7.76281323554586
34 8 4.506938046266788
33 8 8.198605072454196
32 8 6.7893761427568196
31 8 2.246279285212373
30 8 1.4241173206657602
29 8 4.701210104384714
28 8 1.7540269558318813
27 8 4.140112239785537
26 8 6.871401888481662
25 8 6.8914769803753195
24 8 5.320490380658823
23 8 2.5004526772914364
22 8 9.261256779631415
21 8 8.434265301995671
20 8 3.465481768046752
19 8 3.0242719887288265
18 8 1.766293138445062
17 8 7.890742113315815
16 8 9.83221978339275
15 8 7.34645968922947
14 8 1.3868647105640743
13 8 6.5252378108086155
12 8 8.245288231761933
11 8 1.231444758343252
10 8 3.7881962634886452
9 8 3.756629745658147
8 8 8.745029380757526
7 8 1.1593457120852515
6 8 4.407041593841063
5 8 3.754260693383178
4 8 5.641468580015271
3 8 1.8066534971135306
2 8 9.32787400471987
1 8 1.6783856864188844
100 9 1.4813660431783466
99 9 5.854081905410793
98 9 6.610454431923782
97 9 5.061352347628685
96 9 3.265068776298247
95 9 7.720489960723094
94 9 3.7005153862728655
93 9 6.900496507817961
92 9 3.1047944609157576
91 9 1.3216208186151943
90 9 3.3021418975208383
89 9 7.544408122601453
88 9 3.78598039269071
87 9 3.611199982315683
86 9 8.139870238374968
85 9 1.8236839636217583
84 9 6.155055211479474
83 9 9.590082959837162
82 9 2.2031941612135673
81 9 8.525580825618746
80 9 9.67287697849686
79 9 3.2395744386221694
78 9 5.528514948095515
77 9 4.493350789437577
76 9 3.3001998092200204
75 9 2.6617780778793056
74 9 9.063126420285814
73 9 7.682607337420189
72 9 5.21517275007174
71 9 8.926978326769241
70 9 1.1112286711611983
69 9 7.674721985904112
68 9 2.862870563607002
67 9 7.128053933164532
66 9 8.8619731376496
65 9 9.14725337943018
64 9 4.836853538828121
63 9 6.141920661939872
62 9 6.499540150142295
61 9 3.801406767947123
60 9 2.0927613557703677
59 9 4.598008386045145
58 9 9.395247150387654
57 9 1.2465248728414267
56 9 4.99393637754751
55 9 4.553766046004427
54 9 7.881687376200807
53 9 6.341610208847694
52 9 7.689078850900636
51 9 5.377200445755969
50 9 6.108901628143027
49 9 1.4938785265633814
48 9 1.3219320706486952
47 9 9.336445062685343
46 9 8.482579161912527
45 9 1.4143437108440207
44 9 4.573002268961785
43 9 7.3963602800114705
42 9 3.1842912603736147
41 9 4.830433129250565
40 9 8.033304713443542
39 9 3.7221653768016587
38 9 1.2737559429540217
37 9 9.655635911592183
36 9 7.910145871140768
35 9 2.390100867455914
34 9 9.873132940692486
33 9 6.116180338416674
32 9 7.564933524798049
31 9 5.805123001151623
30 9 6.933350881538109
29 9 6.334744026485873
28 9 9.383019468167868
27 9 2.3256286107575055
26 9 3.082465814183572
25 9 6.871195234855428
24 9 1.475573372216526
23 9 1.595212524039294
22 9 6.056050198714267
21 9 5.720364285730577
20 9 6.7134882916124266
19 9 5.08145451967197
18 9 9.209613638122637
17 9 6.266847849362148
16 9 9.593316001005629
15 9 6.32173897965418
14 9 8.61305488130114
13 9 3.69684320960809
12 9 8.435235312694296
11 9 7.376104891191925
10 9 8.22714489634818
9 9 3.3670139183202874
8 9 8.413050492303304
7 9 1.9871277403217107
6 9 8.66204134946308
5 9 3.630388246716371
4 9 4.9162213147452345
3 9 1.9468322914447778
2 9 2.0178341541540403
1 9 1.619285941036435
100 10 2.881091617871483
99 10 4.34597307308234
98 10 1.8630960465575925
97 10 7.6682527074132025
96 10 9.515263171962442
95 10 9.20102024940379
94 10 4.563377362920365
93 10 8.93085417720405
92 10 1.2345791013051746
91 10 7.4430812791752485
90 10 6.649492830175363
89 10 4.028413558778446
88 10 5.986143087499733
87 10 2.1531682661222225
86 10 9.411754382752381
85 10 7.914169748873178
84 10 8.02852842964722
83 10 9.349425947900523
82 10 3.329491443036729
81 10 7.725670921338705
80 10 6.9105069237361745
79 10 3.173869910476783
78 10 8.434545767580097
77 10 1.2937788005450928
76 10 2.094309591858881
75 10 1.5986536180899606
74 10 2.0692981096137673
73 10 2.921201448620439
72 10 6.723418121318835
71 10 9.151868751493954
70 10 8.539224216820799
69 10 2.930559327442767
68 10 5.0348878853472065
67 10 1.1628761052170526
66 10 4.159985327619582
65 10 2.481981215568927
64 10 1.9162024783731608
63 10 8.02716697678305
62 10 2.199046393380963
61 10 2.160231790591566
60 10 7.106659028240488
59 10 6.990756724274592
58 10 7.211828128604474
57 10 2.8313712122002985
56 10 3.543285157088527
55 10 3.954109754631331
54 10 5.272389335126698
53 10 5.268944493124646
52 10 3.3512863168480624
51 10 3.795595070964937
50 10 3.598639835637929
49 10 4.049703675443883
48 10 6.9790259803955506
47 10 8.714473250608883
46 10 7.072086631660879
45 10 7.218859660668201
44 10 4.977535402659632
43 10 4.093414384516458
42 10 8.152108390960013
41 10 5.224867247518121
40 10 8.92455556683371
39 10 8.380548654387603
38 10 3.684764098186101
37 10 1.6237394211438856
36 10 7.993110578087139
35 10 2.4910462618185685
34 10 7.106131510166332
33 10 2.052893911269937
32 10 8.664611230725694
31 10 4.2282297269595
30 10 6.540176019337047
29 10 1.9745316839883902
28 10 9.086491095734269
27 10 4.224217282630692
26 10 8.291153211025101
25 10 4.6885442156058765
24 10 2.5743729158793323
23 10 1.9000975650631673
22 10 8.230540219546413
21 10 2.1149560529006397
20 10 5.758766716530854
19 10 1.9456348636561298
18 10 3.5784997052695786
17 10 3.845893607334455
16 10 7.876299296927634
15 10 2.818506874352797
14 10 4.579874776263851
13 10 1.9670900403374931
12 10 7.705473961947139
11 10 8.763072877922642
10 10 5.574715323918126
9 10 2.1489178577629673
8 10 7.64696324364414
7 10 6.848672678426181
6 10 9.963334364371173
5 10 8.506954644984813
4 10 5.448431460962514
3 10 3.52745811235335
2 10 5.5658983420114
1 10 2.7320795957055104
100 11 4.0
99 11 4.0
98 11 3.0
97 11 2.0
96 11 1.0
95 11 2.0
94 11 1.0
93 11 5.0
92 11 5.0
91 11 4.0
90 11 3.0
89 11 3.0
88 11 4.0
87 11 1.0
86 11 5.0
85 11 4.0
84 11 1.0
83 11 2.0
82 11 2.0
81 11 2.0
80 11 4.0
79 11 4.0
78 11 1.0
77 11 4.0
76 11 2.0
75 11 3.0
74 11 3.0
73 11 2.0
72 11 4.0
71 11 4.0
70 11 5.0
69 11 3.0
68 11 3.0
67 11 1.0
66 11 4.0
65 11 4.0
64 11 5.0
63 11 2.0
62 11 4.0
61 11 3.0
60 11 3.0
59 11 3.0
58 11 3.0
57 11 3.0
56 11 2.0
55 11 1.0
54 11 5.0
53 11 2.0
52 11 2.0
51 11 2.0
50 11 2.0
49 11 1.0
48 11 3.0
47 11 2.0
46 11 3.0
45 11 4.0
44 11 5.0
43 11 4.0
42 11 3.0
41 11 2.0
40 11 4.0
39 11 2.0
38 11 1.0
37 11 1.0
36 11 2.0
35 11 4.0
34 11 3.0
33 11 4.0
32 11 4.0
31 11 2.0
30 11 2.0
29 11 3.0
28 11 4.0
27 11 1.0
26 11 4.0
25 11 3.0
24 11 4.0
23 11 3.0
22 11 1.0
21 11 4.0
20 11 1.0
19 11 2.0
18 11 3.0
17 11 4.0
16 11 3.0
15 11 1.0
14 11 3.0
13 11 4.0
12 11 4.0
11 11 3.0
10 11 3.0
9 11 2.0
8 11 3.0
7 11 2.0
6 11 2.0
5 11 5.0
4 11 2.0
3 11 2.0
2 11 2.0
1 11 1.0
100 12 5.0
99 12 1.0
98 12 9.0
97 12 6.0
96 12 5.0
95 12 3.0
94 12 8.0
93 12 3.0
92 12 5.0
91 12 7.0
90 12 10.0
89 12 6.0
88 12 3.0
87 12 3.0
86 12 7.0
85 12 6.0
84 12 10.0
83 12 4.0
82 12 4.0
81 12 1.0
80 12 1.0
79 12 3.0
78 12 4.0
77 12 7.0
76 12 5.0
75 12 6.0
74 12 2.0
73 12 2.0
72 12 5.0
71 12 4.0
70 12 3.0
69 12 1.0
68 12 10.0
67 12 3.0
66 12 3.0
65 12 7.0
64 12 5.0
63 12 5.0
62 12 2.0
61 12 10.0
60 12 8.0
59 12 9.0
58 12 9.0
57 12 7.0
56 12 6.0
55 12 6.0
54 12 6.0
53 12 4.0
52 12 9.0
51 12 6.0
50 12 7.0
49 12 6.0
48 12 9.0
47 12 1.0
46 12 9.0
45 12 6.0
44 12 2.0
43 12 7.0
42 12 8.0
41 12 3.0
40 12 7.0
39 12 9.0
38 12 3.0
37 12 1.0
36 12 2.0
35 12 5.0
34 12 2.0
33 12 5.0
32 12 4.0
31 12 3.0
30 12 5.0
29 12 6.0
28 12 2.0
27 12 4.0
26 12 2.0
25 12 7.0
24 12 4.0
23 12 4.0
22 12 7.0
21 12 7.0
20 12 7.0
19 12 6.0
18 12 4.0
17 12 2.0
16 12 7.0
15 12 8.0
14 12 5.0
13 12 9.0
12 12 9.0
11 12 9.0
10 12 5.0
9 12 5.0
8 12 7.0
7 12 10.0
6 12 10.0
5 12 5.0
4 12 4.0
3 12 1.0
2 12 7.0
1 12 10.0
100 13 2.0
99 13 2.0
98 13 2.0
97 13 2.0
96 13 1.0
95 13 1.0
94 13 1.0
93 13 1.0
92 13 1.0
91 13 2.0
90 13 2.0
89 13 2.0
88 13 2.0
87 13 1.0
86 13 2.0
85 13 1.0
84 13 3.0
83 13 2.0
82 13 2.0
81 13 2.0
80 13 2.0
79 13 1.0
78 13 1.0
77 13 2.0
76 13 2.0
75 13 2.0
74 13 2.0
73 13 1.0
72 13 3.0
71 13 2.0
70 13 2.0
69 13 2.0
68 13 2.0
67 13 1.0
66 13 2.0
65 13 2.0
64 13 2.0
63 13 2.0
62 13 2.0
61 13 1.0
60 13 3.0
59 13 2.0
58 13 3.0
57 13 2.0
56 13 3.0
55 13 1.0
54 13 2.0
53 13 2.0
52 13 2.0
51 13 2.0
50 13 2.0
49 13 3.0
48 13 3.0
47 13 1.0
46 13 2.0
45 13 1.0
44 13 2.0
43 13 2.0
42 13 2.0
41 13 3.0
40 13 1.0
39 13 2.0
38 13 2.0
37 13 2.0
36 13 3.0
35 13 1.0
34 13 3.0
33 13 1.0
32 13 3.0
31 13 1.0
30 13 2.0
29 13 2.0
28 13 2.0
27 13 3.0
26 13 2.0
25 13 1.0
24 13 3.0
23 13 1.0
22 13 3.0
21 13 1.0
20 13 2.0
19 13 2.0
18 13 3.0
17 13 2.0
16 13 1.0
15 13 2.0
14 13 1.0
13 13 3.0
12 13 2.0
11 13 1.0
10 13 2.0
9 13 3.0
8 13 2.0
7 13 1.0
6 13 3.0
5 13 2.0
4 13 1.0
3 13 3.0
2 13 2.0
1 13 2.0
