1 1 0.804
1 2 0.842
1 3 0.0384
1 4 0.8306
1 5 0.3416
1 6 0.0458
1 7 0.9282
1 8 0.8056
1 9 0.3552
1 10 0.7362
2 1 0.4309
2 2 0.44120000000000004
2 3 0.2538
2 4 0.6492
2 5 0.3299
2 6 0.5858
2 7 0.5163
2 8 0.09709999999999999
2 9 0.6109
2 10 0.5914
3 1 0.3694
3 2 0.9808
3 3 0.9956
3 4 0.6946
3 5 0.1124
3 6 0.2524
3 7 0.0752
3 8 0.8198
3 9 0.0596
3 10 0.2604
4 1 0.37685
4 2 0.6288
4 3 0.3166
4 4 0.6308
4 5 0.7274
4 6 0.7405999999999999
4 7 0.45299999999999996
4 8 0.7789999999999999
4 9 0.67825
4 10 0.30885
5 1 0.4976
5 2 0.4092
5 3 0.7099
5 4 0.5987
5 5 0.8816999999999999
5 6 0.3022
5 7 0.2976
5 8 0.907
5 9 0.40580000000000005
5 10 0.2273
