1 1 1.0
1 2 -1.0
2 1 3.0
2 2 -1.0
3 1 7.0
3 2 -1.0
4 1 9.0
4 2 -1.0
5 1 10.0
5 2 -1.0
6 1 5.0
6 2 -1.0
7 1 2.0
7 2 -1.0
8 1 8.0
8 2 -1.0
9 1 4.0
9 2 -1.0
10 1 6.0
10 2 -1.0
11 1 1.0
11 2 1.0
11 3 -1.0
12 1 1.0
12 2 2.0
12 3 -1.0
13 1 1.0
13 2 3.0
13 3 -1.0
14 1 1.0
14 2 4.0
14 3 -1.0
15 1 1.0
15 2 5.0
15 3 -1.0
16 1 1.0
16 2 6.0
16 3 -1.0
17 1 1.0
17 2 7.0
17 3 -1.0
18 1 1.0
18 2 8.0
18 3 -1.0
19 1 1.0
19 2 9.0
19 3 -1.0
20 1 1.0
20 2 10.0
20 3 -1.0
21 1 1.0
21 2 1.0
21 3 1.0
21 4 -1.0
22 1 1.0
22 2 1.0
22 3 2.0
22 4 -1.0
23 1 1.0
23 2 1.0
23 3 3.0
23 4 -1.0
24 1 1.0
24 2 1.0
24 3 4.0
24 4 -1.0
25 1 1.0
25 2 1.0
25 3 5.0
25 4 -1.0
26 1 1.0
26 2 1.0
26 3 6.0
26 4 -1.0
27 1 1.0
27 2 1.0
27 3 7.0
27 4 -1.0
28 1 1.0
28 2 1.0
28 3 8.0
28 4 -1.0
29 1 1.0
29 2 1.0
29 3 9.0
29 4 -1.0
30 1 1.0
30 2 1.0
30 3 10.0
30 4 -1.0
31 1 1.0
31 2 1.0
31 3 1.0
31 4 1.0
31 5 -1.0
32 1 1.0
32 2 1.0
32 3 1.0
32 4 2.0
32 5 -1.0
33 1 1.0
33 2 1.0
33 3 1.0
33 4 3.0
33 5 -1.0
34 1 1.0
34 2 1.0
34 3 1.0
34 4 4.0
34 5 -1.0
35 1 1.0
35 2 1.0
35 3 1.0
35 4 5.0
35 5 -1.0
36 1 1.0
36 2 1.0
36 3 1.0
36 4 6.0
36 5 -1.0
37 1 1.0
37 2 1.0
37 3 1.0
37 4 7.0
37 5 -1.0
38 1 1.0
38 2 1.0
38 3 1.0
38 4 8.0
38 5 -1.0
39 1 1.0
39 2 1.0
39 3 1.0
39 4 9.0
39 5 -1.0
40 1 1.0
40 2 1.0
40 3 1.0
40 4 10.0
40 5 -1.0
41 1 1.0
41 2 1.0
41 3 1.0
41 4 1.0
41 5 1.0
41 6 -1.0
42 1 1.0
42 2 1.0
42 3 1.0
42 4 1.0
42 5 2.0
42 6 -1.0
43 1 1.0
43 2 1.0
43 3 1.0
43 4 1.0
43 5 3.0
43 6 -1.0
44 1 1.0
44 2 1.0
44 3 1.0
44 4 1.0
44 5 4.0
44 6 -1.0
45 1 1.0
45 2 1.0
45 3 1.0
45 4 1.0
45 5 5.0
45 6 -1.0
46 1 1.0
46 2 1.0
46 3 1.0
46 4 1.0
46 5 6.0
46 6 -1.0
47 1 1.0
47 2 1.0
47 3 1.0
47 4 1.0
47 5 7.0
47 6 -1.0
48 1 1.0
48 2 1.0
48 3 1.0
48 4 1.0
48 5 8.0
48 6 -1.0
49 1 1.0
49 2 1.0
49 3 1.0
49 4 1.0
49 5 9.0
49 6 -1.0
50 1 1.0
50 2 1.0
50 3 1.0
50 4 1.0
50 5 10.0
50 6 -1.0
51 1 1.0
51 2 1.0
51 3 1.0
51 4 2.0
51 5 2.0
51 6 -1.0
52 1 1.0
52 2 1.0
52 3 1.0
52 4 2.0
52 5 3.0
52 6 -1.0
53 1 1.0
53 2 1.0
53 3 1.0
53 4 2.0
53 5 5.0
53 6 -1.0
54 1 1.0
54 2 1.0
54 3 1.0
54 4 2.0
54 5 7.0
54 6 -1.0
55 1 1.0
55 2 1.0
55 3 1.0
55 4 2.0
55 5 8.0
55 6 -1.0
56 1 1.0
56 2 1.0
56 3 1.0
56 4 3.0
56 5 4.0
56 6 -1.0
57 1 1.0
57 2 1.0
57 3 1.0
57 4 3.0
57 5 5.0
57 6 -1.0
58 1 1.0
58 2 1.0
58 3 1.0
58 4 3.0
58 5 6.0
58 6 -1.0
59 1 1.0
59 2 1.0
59 3 1.0
59 4 3.0
59 5 7.0
59 6 -1.0
60 1 1.0
60 2 1.0
60 3 1.0
60 4 3.0
60 5 8.0
60 6 -1.0
61 1 1.0
61 2 1.0
61 3 1.0
61 4 3.0
61 5 9.0
61 6 -1.0
62 1 1.0
62 2 1.0
62 3 1.0
62 4 3.0
62 5 10.0
62 6 -1.0
63 1 1.0
63 2 1.0
63 3 1.0
63 4 4.0
63 5 4.0
63 6 -1.0
64 1 1.0
64 2 1.0
64 3 1.0
64 4 4.0
64 5 6.0
64 6 -1.0
65 1 1.0
65 2 1.0
65 3 1.0
65 4 4.0
65 5 8.0
65 6 -1.0
66 1 1.0
66 2 1.0
66 3 1.0
66 4 4.0
66 5 10.0
66 6 -1.0
67 1 1.0
67 2 1.0
67 3 1.0
67 4 5.0
67 5 8.0
67 6 -1.0
68 1 1.0
68 2 1.0
68 3 1.0
68 4 5.0
68 5 10.0
68 6 -1.0
69 1 1.0
69 2 1.0
69 3 1.0
69 4 6.0
69 5 7.0
69 6 -1.0
70 1 1.0
70 2 1.0
70 3 1.0
70 4 6.0
70 5 8.0
70 6 -1.0
71 1 1.0
71 2 1.0
71 3 1.0
71 4 6.0
71 5 10.0
71 6 -1.0
72 1 1.0
72 2 1.0
72 3 1.0
72 4 7.0
72 5 7.0
72 6 -1.0
73 1 1.0
73 2 1.0
73 3 1.0
73 4 7.0
73 5 8.0
73 6 -1.0
74 1 1.0
74 2 1.0
74 3 1.0
74 4 7.0
74 5 10.0
74 6 -1.0
75 1 1.0
75 2 1.0
75 3 1.0
75 4 8.0
75 5 9.0
75 6 -1.0
76 1 1.0
76 2 1.0
76 3 1.0
76 4 8.0
76 5 10.0
76 6 -1.0
77 1 1.0
77 2 1.0
77 3 1.0
77 4 9.0
77 5 10.0
77 6 -1.0
78 1 1.0
78 2 1.0
78 3 1.0
78 4 10.0
78 5 10.0
78 6 -1.0
79 1 1.0
79 2 1.0
79 3 2.0
79 4 2.0
79 5 -1.0
80 1 1.0
80 2 1.0
80 3 2.0
80 4 3.0
80 5 -1.0
81 1 1.0
81 2 1.0
81 3 2.0
81 4 5.0
81 5 -1.0
82 1 1.0
82 2 1.0
82 3 2.0
82 4 7.0
82 5 -1.0
83 1 1.0
83 2 1.0
83 3 2.0
83 4 8.0
83 5 -1.0
84 1 1.0
84 2 1.0
84 3 2.0
84 4 2.0
84 5 2.0
84 6 -1.0
85 1 1.0
85 2 1.0
85 3 2.0
85 4 2.0
85 5 3.0
85 6 -1.0
86 1 1.0
86 2 1.0
86 3 2.0
86 4 2.0
86 5 5.0
86 6 -1.0
87 1 1.0
87 2 1.0
87 3 2.0
87 4 2.0
87 5 7.0
87 6 -1.0
88 1 1.0
88 2 1.0
88 3 2.0
88 4 2.0
88 5 8.0
88 6 -1.0
89 1 1.0
89 2 1.0
89 3 2.0
89 4 3.0
89 5 7.0
89 6 -1.0
90 1 1.0
90 2 1.0
90 3 2.0
90 4 5.0
90 5 8.0
90 6 -1.0
91 1 1.0
91 2 1.0
91 3 2.0
91 4 7.0
91 5 7.0
91 6 -1.0
92 1 1.0
92 2 1.0
92 3 3.0
92 4 4.0
92 5 -1.0
93 1 1.0
93 2 1.0
93 3 3.0
93 4 5.0
93 5 -1.0
94 1 1.0
94 2 1.0
94 3 3.0
94 4 6.0
94 5 -1.0
95 1 1.0
95 2 1.0
95 3 3.0
95 4 7.0
95 5 -1.0
96 1 1.0
96 2 1.0
96 3 3.0
96 4 8.0
96 5 -1.0
97 1 1.0
97 2 1.0
97 3 3.0
97 4 9.0
97 5 -1.0
98 1 1.0
98 2 1.0
98 3 3.0
98 4 10.0
98 5 -1.0
99 1 1.0
99 2 1.0
99 3 3.0
99 4 4.0
99 5 6.0
99 6 -1.0
100 1 1.0
100 2 1.0
100 3 3.0
100 4 5.0
100 5 10.0
100 6 -1.0
101 1 1.0
101 2 1.0
101 3 3.0
101 4 7.0
101 5 7.0
101 6 -1.0
102 1 1.0
102 2 1.0
102 3 3.0
102 4 8.0
102 5 9.0
102 6 -1.0
103 1 1.0
103 2 1.0
103 3 3.0
103 4 8.0
103 5 10.0
103 6 -1.0
104 1 1.0
104 2 1.0
104 3 3.0
104 4 9.0
104 5 10.0
104 6 -1.0
105 1 1.0
105 2 1.0
105 3 4.0
105 4 4.0
105 5 -1.0
106 1 1.0
106 2 1.0
106 3 4.0
106 4 6.0
106 5 -1.0
107 1 1.0
107 2 1.0
107 3 4.0
107 4 8.0
107 5 -1.0
108 1 1.0
108 2 1.0
108 3 4.0
108 4 10.0
108 5 -1.0
109 1 1.0
109 2 1.0
109 3 4.0
109 4 4.0
109 5 4.0
109 6 -1.0
110 1 1.0
110 2 1.0
110 3 4.0
110 4 4.0
110 5 6.0
110 6 -1.0
111 1 1.0
111 2 1.0
111 3 4.0
111 4 4.0
111 5 8.0
111 6 -1.0
112 1 1.0
112 2 1.0
112 3 4.0
112 4 4.0
112 5 10.0
112 6 -1.0
113 1 1.0
113 2 1.0
113 3 4.0
113 4 8.0
113 5 10.0
113 6 -1.0
114 1 1.0
114 2 1.0
114 3 5.0
114 4 8.0
114 5 -1.0
115 1 1.0
115 2 1.0
115 3 5.0
115 4 10.0
115 5 -1.0
116 1 1.0
116 2 1.0
116 3 6.0
116 4 7.0
116 5 -1.0
117 1 1.0
117 2 1.0
117 3 6.0
117 4 8.0
117 5 -1.0
118 1 1.0
118 2 1.0
118 3 6.0
118 4 10.0
118 5 -1.0
119 1 1.0
119 2 1.0
119 3 6.0
119 4 7.0
119 5 7.0
119 6 -1.0
120 1 1.0
120 2 1.0
120 3 6.0
120 4 7.0
120 5 8.0
120 6 -1.0
121 1 1.0
121 2 1.0
121 3 6.0
121 4 7.0
121 5 10.0
121 6 -1.0
122 1 1.0
122 2 1.0
122 3 7.0
122 4 7.0
122 5 -1.0
123 1 1.0
123 2 1.0
123 3 7.0
123 4 8.0
123 5 -1.0
124 1 1.0
124 2 1.0
124 3 7.0
124 4 10.0
124 5 -1.0
125 1 1.0
125 2 1.0
125 3 7.0
125 4 7.0
125 5 7.0
125 6 -1.0
126 1 1.0
126 2 1.0
126 3 7.0
126 4 7.0
126 5 8.0
126 6 -1.0
127 1 1.0
127 2 1.0
127 3 7.0
127 4 7.0
127 5 10.0
127 6 -1.0
128 1 1.0
128 2 1.0
128 3 8.0
128 4 9.0
128 5 -1.0
129 1 1.0
129 2 1.0
129 3 8.0
129 4 10.0
129 5 -1.0
130 1 1.0
130 2 1.0
130 3 8.0
130 4 9.0
130 5 10.0
130 6 -1.0
131 1 1.0
131 2 1.0
131 3 9.0
131 4 10.0
131 5 -1.0
132 1 1.0
132 2 1.0
132 3 10.0
132 4 10.0
132 5 -1.0
133 1 1.0
133 2 1.0
133 3 10.0
133 4 10.0
133 5 10.0
133 6 -1.0
134 1 1.0
134 2 2.0
134 3 2.0
134 4 -1.0
135 1 1.0
135 2 2.0
135 3 3.0
135 4 -1.0
136 1 1.0
136 2 2.0
136 3 5.0
136 4 -1.0
137 1 1.0
137 2 2.0
137 3 7.0
137 4 -1.0
138 1 1.0
138 2 2.0
138 3 8.0
138 4 -1.0
139 1 1.0
139 2 2.0
139 3 2.0
139 4 2.0
139 5 -1.0
140 1 1.0
140 2 2.0
140 3 2.0
140 4 3.0
140 5 -1.0
141 1 1.0
141 2 2.0
141 3 2.0
141 4 5.0
141 5 -1.0
142 1 1.0
142 2 2.0
142 3 2.0
142 4 7.0
142 5 -1.0
143 1 1.0
143 2 2.0
143 3 2.0
143 4 8.0
143 5 -1.0
144 1 1.0
144 2 2.0
144 3 2.0
144 4 2.0
144 5 2.0
144 6 -1.0
145 1 1.0
145 2 2.0
145 3 2.0
145 4 2.0
145 5 3.0
145 6 -1.0
146 1 1.0
146 2 2.0
146 3 2.0
146 4 2.0
146 5 5.0
146 6 -1.0
147 1 1.0
147 2 2.0
147 3 2.0
147 4 2.0
147 5 7.0
147 6 -1.0
148 1 1.0
148 2 2.0
148 3 2.0
148 4 2.0
148 5 8.0
148 6 -1.0
149 1 1.0
149 2 2.0
149 3 2.0
149 4 3.0
149 5 7.0
149 6 -1.0
150 1 1.0
150 2 2.0
150 3 2.0
150 4 5.0
150 5 8.0
150 6 -1.0
151 1 1.0
151 2 2.0
151 3 2.0
151 4 7.0
151 5 7.0
151 6 -1.0
152 1 1.0
152 2 2.0
152 3 3.0
152 4 7.0
152 5 -1.0
153 1 1.0
153 2 2.0
153 3 3.0
153 4 7.0
153 5 7.0
153 6 -1.0
154 1 1.0
154 2 2.0
154 3 5.0
154 4 8.0
154 5 -1.0
155 1 1.0
155 2 2.0
155 3 7.0
155 4 7.0
155 5 -1.0
156 1 1.0
156 2 2.0
156 3 7.0
156 4 7.0
156 5 7.0
156 6 -1.0
157 1 1.0
157 2 3.0
157 3 4.0
157 4 -1.0
158 1 1.0
158 2 3.0
158 3 5.0
158 4 -1.0
159 1 1.0
159 2 3.0
159 3 6.0
159 4 -1.0
160 1 1.0
160 2 3.0
160 3 7.0
160 4 -1.0
161 1 1.0
161 2 3.0
161 3 8.0
161 4 -1.0
162 1 1.0
162 2 3.0
162 3 9.0
162 4 -1.0
163 1 1.0
163 2 3.0
163 3 10.0
163 4 -1.0
164 1 1.0
164 2 3.0
164 3 4.0
164 4 6.0
164 5 -1.0
165 1 1.0
165 2 3.0
165 3 5.0
165 4 10.0
165 5 -1.0
166 1 1.0
166 2 3.0
166 3 7.0
166 4 7.0
166 5 -1.0
167 1 1.0
167 2 3.0
167 3 7.0
167 4 7.0
167 5 7.0
167 6 -1.0
168 1 1.0
168 2 3.0
168 3 8.0
168 4 9.0
168 5 -1.0
169 1 1.0
169 2 3.0
169 3 8.0
169 4 10.0
169 5 -1.0
170 1 1.0
170 2 3.0
170 3 8.0
170 4 9.0
170 5 10.0
170 6 -1.0
171 1 1.0
171 2 3.0
171 3 9.0
171 4 10.0
171 5 -1.0
172 1 1.0
172 2 4.0
172 3 4.0
172 4 -1.0
173 1 1.0
173 2 4.0
173 3 6.0
173 4 -1.0
174 1 1.0
174 2 4.0
174 3 8.0
174 4 -1.0
175 1 1.0
175 2 4.0
175 3 10.0
175 4 -1.0
176 1 1.0
176 2 4.0
176 3 4.0
176 4 4.0
176 5 -1.0
177 1 1.0
177 2 4.0
177 3 4.0
177 4 6.0
177 5 -1.0
178 1 1.0
178 2 4.0
178 3 4.0
178 4 8.0
178 5 -1.0
179 1 1.0
179 2 4.0
179 3 4.0
179 4 10.0
179 5 -1.0
180 1 1.0
180 2 4.0
180 3 4.0
180 4 4.0
180 5 4.0
180 6 -1.0
181 1 1.0
181 2 4.0
181 3 4.0
181 4 4.0
181 5 6.0
181 6 -1.0
182 1 1.0
182 2 4.0
182 3 4.0
182 4 4.0
182 5 8.0
182 6 -1.0
183 1 1.0
183 2 4.0
183 3 4.0
183 4 4.0
183 5 10.0
183 6 -1.0
184 1 1.0
184 2 4.0
184 3 4.0
184 4 8.0
184 5 10.0
184 6 -1.0
185 1 1.0
185 2 4.0
185 3 8.0
185 4 10.0
185 5 -1.0
186 1 1.0
186 2 5.0
186 3 8.0
186 4 -1.0
187 1 1.0
187 2 5.0
187 3 10.0
187 4 -1.0
188 1 1.0
188 2 6.0
188 3 7.0
188 4 -1.0
189 1 1.0
189 2 6.0
189 3 8.0
189 4 -1.0
190 1 1.0
190 2 6.0
190 3 10.0
190 4 -1.0
191 1 1.0
191 2 6.0
191 3 7.0
191 4 7.0
191 5 -1.0
192 1 1.0
192 2 6.0
192 3 7.0
192 4 8.0
192 5 -1.0
193 1 1.0
193 2 6.0
193 3 7.0
193 4 10.0
193 5 -1.0
194 1 1.0
194 2 6.0
194 3 7.0
194 4 7.0
194 5 7.0
194 6 -1.0
195 1 1.0
195 2 6.0
195 3 7.0
195 4 7.0
195 5 8.0
195 6 -1.0
196 1 1.0
196 2 6.0
196 3 7.0
196 4 7.0
196 5 10.0
196 6 -1.0
197 1 1.0
197 2 7.0
197 3 7.0
197 4 -1.0
198 1 1.0
198 2 7.0
198 3 8.0
198 4 -1.0
199 1 1.0
199 2 7.0
199 3 10.0
199 4 -1.0
200 1 1.0
200 2 7.0
200 3 7.0
200 4 7.0
200 5 -1.0
201 1 1.0
201 2 7.0
201 3 7.0
201 4 8.0
201 5 -1.0
202 1 1.0
202 2 7.0
202 3 7.0
202 4 10.0
202 5 -1.0
203 1 1.0
203 2 7.0
203 3 7.0
203 4 7.0
203 5 7.0
203 6 -1.0
204 1 1.0
204 2 7.0
204 3 7.0
204 4 7.0
204 5 8.0
204 6 -1.0
205 1 1.0
205 2 7.0
205 3 7.0
205 4 7.0
205 5 10.0
205 6 -1.0
206 1 1.0
206 2 8.0
206 3 9.0
206 4 -1.0
207 1 1.0
207 2 8.0
207 3 10.0
207 4 -1.0
208 1 1.0
208 2 8.0
208 3 9.0
208 4 10.0
208 5 -1.0
209 1 1.0
209 2 9.0
209 3 10.0
209 4 -1.0
210 1 1.0
210 2 10.0
210 3 10.0
210 4 -1.0
211 1 1.0
211 2 10.0
211 3 10.0
211 4 10.0
211 5 -1.0
212 1 1.0
212 2 10.0
212 3 10.0
212 4 10.0
212 5 10.0
212 6 -1.0
213 1 9.0
213 2 9.0
213 3 -1.0
214 1 9.0
214 2 10.0
214 3 -1.0
215 1 9.0
215 2 9.0
215 3 9.0
215 4 -1.0
216 1 9.0
216 2 9.0
216 3 10.0
216 4 -1.0
217 1 9.0
217 2 9.0
217 3 9.0
217 4 9.0
217 5 -1.0
218 1 9.0
218 2 9.0
218 3 9.0
218 4 10.0
218 5 -1.0
219 1 9.0
219 2 9.0
219 3 9.0
219 4 9.0
219 5 9.0
219 6 -1.0
220 1 9.0
220 2 9.0
220 3 9.0
220 4 9.0
220 5 10.0
220 6 -1.0
221 1 7.0
221 2 7.0
221 3 -1.0
222 1 7.0
222 2 8.0
222 3 -1.0
223 1 7.0
223 2 9.0
223 3 -1.0
224 1 7.0
224 2 10.0
224 3 -1.0
225 1 7.0
225 2 7.0
225 3 7.0
225 4 -1.0
226 1 7.0
226 2 7.0
226 3 8.0
226 4 -1.0
227 1 7.0
227 2 7.0
227 3 9.0
227 4 -1.0
228 1 7.0
228 2 7.0
228 3 10.0
228 4 -1.0
229 1 7.0
229 2 7.0
229 3 7.0
229 4 7.0
229 5 -1.0
230 1 7.0
230 2 7.0
230 3 7.0
230 4 8.0
230 5 -1.0
231 1 7.0
231 2 7.0
231 3 7.0
231 4 9.0
231 5 -1.0
232 1 7.0
232 2 7.0
232 3 7.0
232 4 10.0
232 5 -1.0
233 1 7.0
233 2 7.0
233 3 7.0
233 4 7.0
233 5 7.0
233 6 -1.0
234 1 7.0
234 2 7.0
234 3 7.0
234 4 7.0
234 5 8.0
234 6 -1.0
235 1 7.0
235 2 7.0
235 3 7.0
235 4 7.0
235 5 9.0
235 6 -1.0
236 1 7.0
236 2 7.0
236 3 7.0
236 4 7.0
236 5 10.0
236 6 -1.0
237 1 7.0
237 2 7.0
237 3 7.0
237 4 9.0
237 5 10.0
237 6 -1.0
238 1 7.0
238 2 7.0
238 3 9.0
238 4 10.0
238 5 -1.0
239 1 7.0
239 2 9.0
239 3 10.0
239 4 -1.0
240 1 5.0
240 2 5.0
240 3 -1.0
241 1 5.0
241 2 6.0
241 3 -1.0
242 1 5.0
242 2 7.0
242 3 -1.0
243 1 5.0
243 2 8.0
243 3 -1.0
244 1 5.0
244 2 9.0
244 3 -1.0
245 1 5.0
245 2 10.0
245 3 -1.0
246 1 5.0
246 2 5.0
246 3 5.0
246 4 -1.0
247 1 5.0
247 2 5.0
247 3 6.0
247 4 -1.0
248 1 5.0
248 2 5.0
248 3 7.0
248 4 -1.0
249 1 5.0
249 2 5.0
249 3 8.0
249 4 -1.0
250 1 5.0
250 2 5.0
250 3 9.0
250 4 -1.0
251 1 5.0
251 2 5.0
251 3 10.0
251 4 -1.0
252 1 5.0
252 2 5.0
252 3 5.0
252 4 5.0
252 5 -1.0
253 1 5.0
253 2 5.0
253 3 5.0
253 4 6.0
253 5 -1.0
254 1 5.0
254 2 5.0
254 3 5.0
254 4 7.0
254 5 -1.0
255 1 5.0
255 2 5.0
255 3 5.0
255 4 8.0
255 5 -1.0
256 1 5.0
256 2 5.0
256 3 5.0
256 4 9.0
256 5 -1.0
257 1 5.0
257 2 5.0
257 3 5.0
257 4 10.0
257 5 -1.0
258 1 5.0
258 2 5.0
258 3 5.0
258 4 5.0
258 5 5.0
258 6 -1.0
259 1 5.0
259 2 5.0
259 3 5.0
259 4 5.0
259 5 6.0
259 6 -1.0
260 1 5.0
260 2 5.0
260 3 5.0
260 4 5.0
260 5 7.0
260 6 -1.0
261 1 5.0
261 2 5.0
261 3 5.0
261 4 5.0
261 5 8.0
261 6 -1.0
262 1 5.0
262 2 5.0
262 3 5.0
262 4 5.0
262 5 9.0
262 6 -1.0
263 1 5.0
263 2 5.0
263 3 5.0
263 4 5.0
263 5 10.0
263 6 -1.0
264 1 5.0
264 2 5.0
264 3 5.0
264 4 6.0
264 5 7.0
264 6 -1.0
265 1 5.0
265 2 5.0
265 3 5.0
265 4 6.0
265 5 10.0
265 6 -1.0
266 1 5.0
266 2 5.0
266 3 5.0
266 4 7.0
266 5 10.0
266 6 -1.0
267 1 5.0
267 2 5.0
267 3 5.0
267 4 9.0
267 5 9.0
267 6 -1.0
268 1 5.0
268 2 5.0
268 3 5.0
268 4 9.0
268 5 10.0
268 6 -1.0
269 1 5.0
269 2 5.0
269 3 5.0
269 4 10.0
269 5 10.0
269 6 -1.0
270 1 5.0
270 2 5.0
270 3 6.0
270 4 7.0
270 5 -1.0
271 1 5.0
271 2 5.0
271 3 6.0
271 4 10.0
271 5 -1.0
272 1 5.0
272 2 5.0
272 3 7.0
272 4 10.0
272 5 -1.0
273 1 5.0
273 2 5.0
273 3 9.0
273 4 9.0
273 5 -1.0
274 1 5.0
274 2 5.0
274 3 9.0
274 4 10.0
274 5 -1.0
275 1 5.0
275 2 5.0
275 3 9.0
275 4 9.0
275 5 9.0
275 6 -1.0
276 1 5.0
276 2 5.0
276 3 9.0
276 4 9.0
276 5 10.0
276 6 -1.0
277 1 5.0
277 2 5.0
277 3 10.0
277 4 10.0
277 5 -1.0
278 1 5.0
278 2 5.0
278 3 10.0
278 4 10.0
278 5 10.0
278 6 -1.0
279 1 5.0
279 2 6.0
279 3 7.0
279 4 -1.0
280 1 5.0
280 2 6.0
280 3 10.0
280 4 -1.0
281 1 5.0
281 2 7.0
281 3 10.0
281 4 -1.0
282 1 5.0
282 2 9.0
282 3 9.0
282 4 -1.0
283 1 5.0
283 2 9.0
283 3 10.0
283 4 -1.0
284 1 5.0
284 2 9.0
284 3 9.0
284 4 9.0
284 5 -1.0
285 1 5.0
285 2 9.0
285 3 9.0
285 4 10.0
285 5 -1.0
286 1 5.0
286 2 9.0
286 3 9.0
286 4 9.0
286 5 9.0
286 6 -1.0
287 1 5.0
287 2 9.0
287 3 9.0
287 4 9.0
287 5 10.0
287 6 -1.0
288 1 5.0
288 2 10.0
288 3 10.0
288 4 -1.0
289 1 5.0
289 2 10.0
289 3 10.0
289 4 10.0
289 5 -1.0
290 1 5.0
290 2 10.0
290 3 10.0
290 4 10.0
290 5 10.0
290 6 -1.0
291 1 4.0
291 2 4.0
291 3 -1.0
292 1 4.0
292 2 5.0
292 3 -1.0
293 1 4.0
293 2 6.0
293 3 -1.0
294 1 4.0
294 2 7.0
294 3 -1.0
295 1 4.0
295 2 8.0
295 3 -1.0
296 1 4.0
296 2 9.0
296 3 -1.0
297 1 4.0
297 2 10.0
297 3 -1.0
298 1 4.0
298 2 4.0
298 3 4.0
298 4 -1.0
299 1 4.0
299 2 4.0
299 3 5.0
299 4 -1.0
300 1 4.0
300 2 4.0
300 3 6.0
300 4 -1.0
301 1 4.0
301 2 4.0
301 3 7.0
301 4 -1.0
302 1 4.0
302 2 4.0
302 3 8.0
302 4 -1.0
303 1 4.0
303 2 4.0
303 3 9.0
303 4 -1.0
304 1 4.0
304 2 4.0
304 3 10.0
304 4 -1.0
305 1 4.0
305 2 4.0
305 3 4.0
305 4 4.0
305 5 -1.0
306 1 4.0
306 2 4.0
306 3 4.0
306 4 5.0
306 5 -1.0
307 1 4.0
307 2 4.0
307 3 4.0
307 4 6.0
307 5 -1.0
308 1 4.0
308 2 4.0
308 3 4.0
308 4 7.0
308 5 -1.0
309 1 4.0
309 2 4.0
309 3 4.0
309 4 8.0
309 5 -1.0
310 1 4.0
310 2 4.0
310 3 4.0
310 4 9.0
310 5 -1.0
311 1 4.0
311 2 4.0
311 3 4.0
311 4 10.0
311 5 -1.0
312 1 4.0
312 2 4.0
312 3 4.0
312 4 4.0
312 5 4.0
312 6 -1.0
313 1 4.0
313 2 4.0
313 3 4.0
313 4 4.0
313 5 5.0
313 6 -1.0
314 1 4.0
314 2 4.0
314 3 4.0
314 4 4.0
314 5 6.0
314 6 -1.0
315 1 4.0
315 2 4.0
315 3 4.0
315 4 4.0
315 5 7.0
315 6 -1.0
316 1 4.0
316 2 4.0
316 3 4.0
316 4 4.0
316 5 8.0
316 6 -1.0
317 1 4.0
317 2 4.0
317 3 4.0
317 4 4.0
317 5 9.0
317 6 -1.0
318 1 4.0
318 2 4.0
318 3 4.0
318 4 4.0
318 5 10.0
318 6 -1.0
319 1 4.0
319 2 4.0
319 3 4.0
319 4 5.0
319 5 7.0
319 6 -1.0
320 1 4.0
320 2 4.0
320 3 4.0
320 4 5.0
320 5 9.0
320 6 -1.0
321 1 4.0
321 2 4.0
321 3 4.0
321 4 5.0
321 5 10.0
321 6 -1.0
322 1 4.0
322 2 4.0
322 3 4.0
322 4 6.0
322 5 7.0
322 6 -1.0
323 1 4.0
323 2 4.0
323 3 4.0
323 4 6.0
323 5 10.0
323 6 -1.0
324 1 4.0
324 2 4.0
324 3 4.0
324 4 7.0
324 5 10.0
324 6 -1.0
325 1 4.0
325 2 4.0
325 3 4.0
325 4 8.0
325 5 10.0
325 6 -1.0
326 1 4.0
326 2 4.0
326 3 4.0
326 4 9.0
326 5 9.0
326 6 -1.0
327 1 4.0
327 2 4.0
327 3 5.0
327 4 7.0
327 5 -1.0
328 1 4.0
328 2 4.0
328 3 5.0
328 4 9.0
328 5 -1.0
329 1 4.0
329 2 4.0
329 3 5.0
329 4 10.0
329 5 -1.0
330 1 4.0
330 2 4.0
330 3 5.0
330 4 7.0
330 5 10.0
330 6 -1.0
331 1 4.0
331 2 4.0
331 3 5.0
331 4 9.0
331 5 9.0
331 6 -1.0
332 1 4.0
332 2 4.0
332 3 6.0
332 4 7.0
332 5 -1.0
333 1 4.0
333 2 4.0
333 3 6.0
333 4 10.0
333 5 -1.0
334 1 4.0
334 2 4.0
334 3 6.0
334 4 7.0
334 5 10.0
334 6 -1.0
335 1 4.0
335 2 4.0
335 3 7.0
335 4 10.0
335 5 -1.0
336 1 4.0
336 2 4.0
336 3 8.0
336 4 10.0
336 5 -1.0
337 1 4.0
337 2 4.0
337 3 9.0
337 4 9.0
337 5 -1.0
338 1 4.0
338 2 4.0
338 3 9.0
338 4 9.0
338 5 9.0
338 6 -1.0
339 1 4.0
339 2 5.0
339 3 7.0
339 4 -1.0
340 1 4.0
340 2 5.0
340 3 9.0
340 4 -1.0
341 1 4.0
341 2 5.0
341 3 10.0
341 4 -1.0
342 1 4.0
342 2 5.0
342 3 7.0
342 4 10.0
342 5 -1.0
343 1 4.0
343 2 5.0
343 3 9.0
343 4 9.0
343 5 -1.0
344 1 4.0
344 2 5.0
344 3 9.0
344 4 9.0
344 5 9.0
344 6 -1.0
345 1 4.0
345 2 6.0
345 3 7.0
345 4 -1.0
346 1 4.0
346 2 6.0
346 3 10.0
346 4 -1.0
347 1 4.0
347 2 6.0
347 3 7.0
347 4 10.0
347 5 -1.0
348 1 4.0
348 2 7.0
348 3 10.0
348 4 -1.0
349 1 4.0
349 2 8.0
349 3 10.0
349 4 -1.0
350 1 4.0
350 2 9.0
350 3 9.0
350 4 -1.0
351 1 4.0
351 2 9.0
351 3 9.0
351 4 9.0
351 5 -1.0
352 1 4.0
352 2 9.0
352 3 9.0
352 4 9.0
352 5 9.0
352 6 -1.0
353 1 10.0
353 2 10.0
353 3 -1.0
354 1 10.0
354 2 10.0
354 3 10.0
354 4 -1.0
355 1 10.0
355 2 10.0
355 3 10.0
355 4 10.0
355 5 -1.0
356 1 10.0
356 2 10.0
356 3 10.0
356 4 10.0
356 5 10.0
356 6 -1.0
357 1 2.0
357 2 2.0
357 3 -1.0
358 1 2.0
358 2 3.0
358 3 -1.0
359 1 2.0
359 2 4.0
359 3 -1.0
360 1 2.0
360 2 5.0
360 3 -1.0
361 1 2.0
361 2 6.0
361 3 -1.0
362 1 2.0
362 2 7.0
362 3 -1.0
363 1 2.0
363 2 8.0
363 3 -1.0
364 1 2.0
364 2 10.0
364 3 -1.0
365 1 2.0
365 2 2.0
365 3 2.0
365 4 -1.0
366 1 2.0
366 2 2.0
366 3 3.0
366 4 -1.0
367 1 2.0
367 2 2.0
367 3 4.0
367 4 -1.0
368 1 2.0
368 2 2.0
368 3 5.0
368 4 -1.0
369 1 2.0
369 2 2.0
369 3 6.0
369 4 -1.0
370 1 2.0
370 2 2.0
370 3 7.0
370 4 -1.0
371 1 2.0
371 2 2.0
371 3 8.0
371 4 -1.0
372 1 2.0
372 2 2.0
372 3 10.0
372 4 -1.0
373 1 2.0
373 2 2.0
373 3 2.0
373 4 2.0
373 5 -1.0
374 1 2.0
374 2 2.0
374 3 2.0
374 4 3.0
374 5 -1.0
375 1 2.0
375 2 2.0
375 3 2.0
375 4 4.0
375 5 -1.0
376 1 2.0
376 2 2.0
376 3 2.0
376 4 5.0
376 5 -1.0
377 1 2.0
377 2 2.0
377 3 2.0
377 4 6.0
377 5 -1.0
378 1 2.0
378 2 2.0
378 3 2.0
378 4 7.0
378 5 -1.0
379 1 2.0
379 2 2.0
379 3 2.0
379 4 8.0
379 5 -1.0
380 1 2.0
380 2 2.0
380 3 2.0
380 4 10.0
380 5 -1.0
381 1 2.0
381 2 2.0
381 3 2.0
381 4 2.0
381 5 2.0
381 6 -1.0
382 1 2.0
382 2 2.0
382 3 2.0
382 4 2.0
382 5 3.0
382 6 -1.0
383 1 2.0
383 2 2.0
383 3 2.0
383 4 2.0
383 5 4.0
383 6 -1.0
384 1 2.0
384 2 2.0
384 3 2.0
384 4 2.0
384 5 5.0
384 6 -1.0
385 1 2.0
385 2 2.0
385 3 2.0
385 4 2.0
385 5 6.0
385 6 -1.0
386 1 2.0
386 2 2.0
386 3 2.0
386 4 2.0
386 5 7.0
386 6 -1.0
387 1 2.0
387 2 2.0
387 3 2.0
387 4 2.0
387 5 8.0
387 6 -1.0
388 1 2.0
388 2 2.0
388 3 2.0
388 4 2.0
388 5 10.0
388 6 -1.0
389 1 2.0
389 2 2.0
389 3 2.0
389 4 3.0
389 5 4.0
389 6 -1.0
390 1 2.0
390 2 2.0
390 3 2.0
390 4 3.0
390 5 5.0
390 6 -1.0
391 1 2.0
391 2 2.0
391 3 2.0
391 4 3.0
391 5 6.0
391 6 -1.0
392 1 2.0
392 2 2.0
392 3 2.0
392 4 3.0
392 5 7.0
392 6 -1.0
393 1 2.0
393 2 2.0
393 3 2.0
393 4 3.0
393 5 10.0
393 6 -1.0
394 1 2.0
394 2 2.0
394 3 2.0
394 4 5.0
394 5 5.0
394 6 -1.0
395 1 2.0
395 2 2.0
395 3 2.0
395 4 5.0
395 5 6.0
395 6 -1.0
396 1 2.0
396 2 2.0
396 3 2.0
396 4 5.0
396 5 7.0
396 6 -1.0
397 1 2.0
397 2 2.0
397 3 2.0
397 4 5.0
397 5 8.0
397 6 -1.0
398 1 2.0
398 2 2.0
398 3 2.0
398 4 6.0
398 5 7.0
398 6 -1.0
399 1 2.0
399 2 2.0
399 3 2.0
399 4 7.0
399 5 7.0
399 6 -1.0
400 1 2.0
400 2 2.0
400 3 2.0
400 4 7.0
400 5 10.0
400 6 -1.0
401 1 2.0
401 2 2.0
401 3 2.0
401 4 8.0
401 5 10.0
401 6 -1.0
402 1 2.0
402 2 2.0
402 3 2.0
402 4 10.0
402 5 10.0
402 6 -1.0
403 1 2.0
403 2 2.0
403 3 3.0
403 4 4.0
403 5 -1.0
404 1 2.0
404 2 2.0
404 3 3.0
404 4 5.0
404 5 -1.0
405 1 2.0
405 2 2.0
405 3 3.0
405 4 6.0
405 5 -1.0
406 1 2.0
406 2 2.0
406 3 3.0
406 4 7.0
406 5 -1.0
407 1 2.0
407 2 2.0
407 3 3.0
407 4 10.0
407 5 -1.0
408 1 2.0
408 2 2.0
408 3 3.0
408 4 5.0
408 5 6.0
408 6 -1.0
409 1 2.0
409 2 2.0
409 3 3.0
409 4 7.0
409 5 7.0
409 6 -1.0
410 1 2.0
410 2 2.0
410 3 3.0
410 4 7.0
410 5 10.0
410 6 -1.0
411 1 2.0
411 2 2.0
411 3 5.0
411 4 5.0
411 5 -1.0
412 1 2.0
412 2 2.0
412 3 5.0
412 4 6.0
412 5 -1.0
413 1 2.0
413 2 2.0
413 3 5.0
413 4 7.0
413 5 -1.0
414 1 2.0
414 2 2.0
414 3 5.0
414 4 8.0
414 5 -1.0
415 1 2.0
415 2 2.0
415 3 5.0
415 4 5.0
415 5 5.0
415 6 -1.0
416 1 2.0
416 2 2.0
416 3 5.0
416 4 5.0
416 5 6.0
416 6 -1.0
417 1 2.0
417 2 2.0
417 3 5.0
417 4 5.0
417 5 7.0
417 6 -1.0
418 1 2.0
418 2 2.0
418 3 5.0
418 4 5.0
418 5 8.0
418 6 -1.0
419 1 2.0
419 2 2.0
419 3 5.0
419 4 6.0
419 5 7.0
419 6 -1.0
420 1 2.0
420 2 2.0
420 3 6.0
420 4 7.0
420 5 -1.0
421 1 2.0
421 2 2.0
421 3 7.0
421 4 7.0
421 5 -1.0
422 1 2.0
422 2 2.0
422 3 7.0
422 4 10.0
422 5 -1.0
423 1 2.0
423 2 2.0
423 3 7.0
423 4 7.0
423 5 7.0
423 6 -1.0
424 1 2.0
424 2 2.0
424 3 7.0
424 4 7.0
424 5 10.0
424 6 -1.0
425 1 2.0
425 2 2.0
425 3 8.0
425 4 10.0
425 5 -1.0
426 1 2.0
426 2 2.0
426 3 8.0
426 4 10.0
426 5 10.0
426 6 -1.0
427 1 2.0
427 2 2.0
427 3 10.0
427 4 10.0
427 5 -1.0
428 1 2.0
428 2 2.0
428 3 10.0
428 4 10.0
428 5 10.0
428 6 -1.0
429 1 2.0
429 2 3.0
429 3 4.0
429 4 -1.0
430 1 2.0
430 2 3.0
430 3 5.0
430 4 -1.0
431 1 2.0
431 2 3.0
431 3 6.0
431 4 -1.0
432 1 2.0
432 2 3.0
432 3 7.0
432 4 -1.0
433 1 2.0
433 2 3.0
433 3 10.0
433 4 -1.0
434 1 2.0
434 2 3.0
434 3 5.0
434 4 6.0
434 5 -1.0
435 1 2.0
435 2 3.0
435 3 7.0
435 4 7.0
435 5 -1.0
436 1 2.0
436 2 3.0
436 3 7.0
436 4 10.0
436 5 -1.0
437 1 2.0
437 2 3.0
437 3 7.0
437 4 7.0
437 5 7.0
437 6 -1.0
438 1 2.0
438 2 3.0
438 3 7.0
438 4 7.0
438 5 10.0
438 6 -1.0
439 1 2.0
439 2 5.0
439 3 5.0
439 4 -1.0
440 1 2.0
440 2 5.0
440 3 6.0
440 4 -1.0
441 1 2.0
441 2 5.0
441 3 7.0
441 4 -1.0
442 1 2.0
442 2 5.0
442 3 8.0
442 4 -1.0
443 1 2.0
443 2 5.0
443 3 5.0
443 4 5.0
443 5 -1.0
444 1 2.0
444 2 5.0
444 3 5.0
444 4 6.0
444 5 -1.0
445 1 2.0
445 2 5.0
445 3 5.0
445 4 7.0
445 5 -1.0
446 1 2.0
446 2 5.0
446 3 5.0
446 4 8.0
446 5 -1.0
447 1 2.0
447 2 5.0
447 3 5.0
447 4 5.0
447 5 5.0
447 6 -1.0
448 1 2.0
448 2 5.0
448 3 5.0
448 4 5.0
448 5 6.0
448 6 -1.0
449 1 2.0
449 2 5.0
449 3 5.0
449 4 5.0
449 5 7.0
449 6 -1.0
450 1 2.0
450 2 5.0
450 3 5.0
450 4 5.0
450 5 8.0
450 6 -1.0
451 1 2.0
451 2 5.0
451 3 5.0
451 4 6.0
451 5 7.0
451 6 -1.0
452 1 2.0
452 2 5.0
452 3 6.0
452 4 7.0
452 5 -1.0
453 1 2.0
453 2 6.0
453 3 7.0
453 4 -1.0
454 1 2.0
454 2 7.0
454 3 7.0
454 4 -1.0
455 1 2.0
455 2 7.0
455 3 10.0
455 4 -1.0
456 1 2.0
456 2 7.0
456 3 7.0
456 4 7.0
456 5 -1.0
457 1 2.0
457 2 7.0
457 3 7.0
457 4 10.0
457 5 -1.0
458 1 2.0
458 2 7.0
458 3 7.0
458 4 7.0
458 5 7.0
458 6 -1.0
459 1 2.0
459 2 7.0
459 3 7.0
459 4 7.0
459 5 10.0
459 6 -1.0
460 1 2.0
460 2 8.0
460 3 10.0
460 4 -1.0
461 1 2.0
461 2 8.0
461 3 10.0
461 4 10.0
461 5 -1.0
462 1 2.0
462 2 8.0
462 3 10.0
462 4 10.0
462 5 10.0
462 6 -1.0
463 1 2.0
463 2 10.0
463 3 10.0
463 4 -1.0
464 1 2.0
464 2 10.0
464 3 10.0
464 4 10.0
464 5 -1.0
465 1 2.0
465 2 10.0
465 3 10.0
465 4 10.0
465 5 10.0
465 6 -1.0
466 1 3.0
466 2 3.0
466 3 -1.0
467 1 3.0
467 2 4.0
467 3 -1.0
468 1 3.0
468 2 5.0
468 3 -1.0
469 1 3.0
469 2 6.0
469 3 -1.0
470 1 3.0
470 2 7.0
470 3 -1.0
471 1 3.0
471 2 8.0
471 3 -1.0
472 1 3.0
472 2 9.0
472 3 -1.0
473 1 3.0
473 2 10.0
473 3 -1.0
474 1 3.0
474 2 3.0
474 3 3.0
474 4 -1.0
475 1 3.0
475 2 3.0
475 3 4.0
475 4 -1.0
476 1 3.0
476 2 3.0
476 3 5.0
476 4 -1.0
477 1 3.0
477 2 3.0
477 3 6.0
477 4 -1.0
478 1 3.0
478 2 3.0
478 3 7.0
478 4 -1.0
479 1 3.0
479 2 3.0
479 3 8.0
479 4 -1.0
480 1 3.0
480 2 3.0
480 3 9.0
480 4 -1.0
481 1 3.0
481 2 3.0
481 3 10.0
481 4 -1.0
482 1 3.0
482 2 3.0
482 3 3.0
482 4 3.0
482 5 -1.0
483 1 3.0
483 2 3.0
483 3 3.0
483 4 4.0
483 5 -1.0
484 1 3.0
484 2 3.0
484 3 3.0
484 4 5.0
484 5 -1.0
485 1 3.0
485 2 3.0
485 3 3.0
485 4 6.0
485 5 -1.0
486 1 3.0
486 2 3.0
486 3 3.0
486 4 7.0
486 5 -1.0
487 1 3.0
487 2 3.0
487 3 3.0
487 4 8.0
487 5 -1.0
488 1 3.0
488 2 3.0
488 3 3.0
488 4 9.0
488 5 -1.0
489 1 3.0
489 2 3.0
489 3 3.0
489 4 10.0
489 5 -1.0
490 1 3.0
490 2 3.0
490 3 3.0
490 4 3.0
490 5 3.0
490 6 -1.0
491 1 3.0
491 2 3.0
491 3 3.0
491 4 3.0
491 5 4.0
491 6 -1.0
492 1 3.0
492 2 3.0
492 3 3.0
492 4 3.0
492 5 5.0
492 6 -1.0
493 1 3.0
493 2 3.0
493 3 3.0
493 4 3.0
493 5 6.0
493 6 -1.0
494 1 3.0
494 2 3.0
494 3 3.0
494 4 3.0
494 5 7.0
494 6 -1.0
495 1 3.0
495 2 3.0
495 3 3.0
495 4 3.0
495 5 8.0
495 6 -1.0
496 1 3.0
496 2 3.0
496 3 3.0
496 4 3.0
496 5 9.0
496 6 -1.0
497 1 3.0
497 2 3.0
497 3 3.0
497 4 3.0
497 5 10.0
497 6 -1.0
498 1 3.0
498 2 3.0
498 3 3.0
498 4 4.0
498 5 5.0
498 6 -1.0
499 1 3.0
499 2 3.0
499 3 3.0
499 4 4.0
499 5 6.0
499 6 -1.0
500 1 3.0
500 2 3.0
500 3 3.0
500 4 4.0
500 5 7.0
500 6 -1.0
501 1 3.0
501 2 3.0
501 3 3.0
501 4 4.0
501 5 9.0
501 6 -1.0
502 1 3.0
502 2 3.0
502 3 3.0
502 4 4.0
502 5 10.0
502 6 -1.0
503 1 3.0
503 2 3.0
503 3 3.0
503 4 5.0
503 5 6.0
503 6 -1.0
504 1 3.0
504 2 3.0
504 3 3.0
504 4 5.0
504 5 9.0
504 6 -1.0
505 1 3.0
505 2 3.0
505 3 3.0
505 4 5.0
505 5 10.0
505 6 -1.0
506 1 3.0
506 2 3.0
506 3 3.0
506 4 6.0
506 5 7.0
506 6 -1.0
507 1 3.0
507 2 3.0
507 3 3.0
507 4 6.0
507 5 10.0
507 6 -1.0
508 1 3.0
508 2 3.0
508 3 3.0
508 4 7.0
508 5 7.0
508 6 -1.0
509 1 3.0
509 2 3.0
509 3 3.0
509 4 7.0
509 5 10.0
509 6 -1.0
510 1 3.0
510 2 3.0
510 3 3.0
510 4 8.0
510 5 9.0
510 6 -1.0
511 1 3.0
511 2 3.0
511 3 3.0
511 4 8.0
511 5 10.0
511 6 -1.0
512 1 3.0
512 2 3.0
512 3 3.0
512 4 9.0
512 5 9.0
512 6 -1.0
513 1 3.0
513 2 3.0
513 3 3.0
513 4 9.0
513 5 10.0
513 6 -1.0
514 1 3.0
514 2 3.0
514 3 3.0
514 4 10.0
514 5 10.0
514 6 -1.0
515 1 3.0
515 2 3.0
515 3 4.0
515 4 5.0
515 5 -1.0
516 1 3.0
516 2 3.0
516 3 4.0
516 4 6.0
516 5 -1.0
517 1 3.0
517 2 3.0
517 3 4.0
517 4 7.0
517 5 -1.0
518 1 3.0
518 2 3.0
518 3 4.0
518 4 9.0
518 5 -1.0
519 1 3.0
519 2 3.0
519 3 4.0
519 4 10.0
519 5 -1.0
520 1 3.0
520 2 3.0
520 3 4.0
520 4 5.0
520 5 9.0
520 6 -1.0
521 1 3.0
521 2 3.0
521 3 4.0
521 4 6.0
521 5 7.0
521 6 -1.0
522 1 3.0
522 2 3.0
522 3 4.0
522 4 6.0
522 5 10.0
522 6 -1.0
523 1 3.0
523 2 3.0
523 3 4.0
523 4 7.0
523 5 10.0
523 6 -1.0
524 1 3.0
524 2 3.0
524 3 4.0
524 4 9.0
524 5 9.0
524 6 -1.0
525 1 3.0
525 2 3.0
525 3 5.0
525 4 6.0
525 5 -1.0
526 1 3.0
526 2 3.0
526 3 5.0
526 4 9.0
526 5 -1.0
527 1 3.0
527 2 3.0
527 3 5.0
527 4 10.0
527 5 -1.0
528 1 3.0
528 2 3.0
528 3 5.0
528 4 9.0
528 5 9.0
528 6 -1.0
529 1 3.0
529 2 3.0
529 3 6.0
529 4 7.0
529 5 -1.0
530 1 3.0
530 2 3.0
530 3 6.0
530 4 10.0
530 5 -1.0
531 1 3.0
531 2 3.0
531 3 6.0
531 4 7.0
531 5 10.0
531 6 -1.0
532 1 3.0
532 2 3.0
532 3 7.0
532 4 7.0
532 5 -1.0
533 1 3.0
533 2 3.0
533 3 7.0
533 4 10.0
533 5 -1.0
534 1 3.0
534 2 3.0
534 3 7.0
534 4 7.0
534 5 7.0
534 6 -1.0
535 1 3.0
535 2 3.0
535 3 7.0
535 4 7.0
535 5 10.0
535 6 -1.0
536 1 3.0
536 2 3.0
536 3 8.0
536 4 9.0
536 5 -1.0
537 1 3.0
537 2 3.0
537 3 8.0
537 4 10.0
537 5 -1.0
538 1 3.0
538 2 3.0
538 3 8.0
538 4 9.0
538 5 10.0
538 6 -1.0
539 1 3.0
539 2 3.0
539 3 9.0
539 4 9.0
539 5 -1.0
540 1 3.0
540 2 3.0
540 3 9.0
540 4 10.0
540 5 -1.0
541 1 3.0
541 2 3.0
541 3 9.0
541 4 9.0
541 5 9.0
541 6 -1.0
542 1 3.0
542 2 3.0
542 3 9.0
542 4 9.0
542 5 10.0
542 6 -1.0
543 1 3.0
543 2 3.0
543 3 10.0
543 4 10.0
543 5 -1.0
544 1 3.0
544 2 3.0
544 3 10.0
544 4 10.0
544 5 10.0
544 6 -1.0
545 1 3.0
545 2 4.0
545 3 5.0
545 4 -1.0
546 1 3.0
546 2 4.0
546 3 6.0
546 4 -1.0
547 1 3.0
547 2 4.0
547 3 7.0
547 4 -1.0
548 1 3.0
548 2 4.0
548 3 9.0
548 4 -1.0
549 1 3.0
549 2 4.0
549 3 10.0
549 4 -1.0
550 1 3.0
550 2 4.0
550 3 5.0
550 4 9.0
550 5 -1.0
551 1 3.0
551 2 4.0
551 3 5.0
551 4 9.0
551 5 9.0
551 6 -1.0
552 1 3.0
552 2 4.0
552 3 6.0
552 4 7.0
552 5 -1.0
553 1 3.0
553 2 4.0
553 3 6.0
553 4 10.0
553 5 -1.0
554 1 3.0
554 2 4.0
554 3 6.0
554 4 7.0
554 5 10.0
554 6 -1.0
555 1 3.0
555 2 4.0
555 3 7.0
555 4 10.0
555 5 -1.0
556 1 3.0
556 2 4.0
556 3 9.0
556 4 9.0
556 5 -1.0
557 1 3.0
557 2 4.0
557 3 9.0
557 4 9.0
557 5 9.0
557 6 -1.0
558 1 3.0
558 2 5.0
558 3 6.0
558 4 -1.0
559 1 3.0
559 2 5.0
559 3 9.0
559 4 -1.0
560 1 3.0
560 2 5.0
560 3 10.0
560 4 -1.0
561 1 3.0
561 2 5.0
561 3 9.0
561 4 9.0
561 5 -1.0
562 1 3.0
562 2 5.0
562 3 9.0
562 4 9.0
562 5 9.0
562 6 -1.0
563 1 3.0
563 2 6.0
563 3 7.0
563 4 -1.0
564 1 3.0
564 2 6.0
564 3 10.0
564 4 -1.0
565 1 3.0
565 2 6.0
565 3 7.0
565 4 10.0
565 5 -1.0
566 1 3.0
566 2 7.0
566 3 7.0
566 4 -1.0
567 1 3.0
567 2 7.0
567 3 10.0
567 4 -1.0
568 1 3.0
568 2 7.0
568 3 7.0
568 4 7.0
568 5 -1.0
569 1 3.0
569 2 7.0
569 3 7.0
569 4 10.0
569 5 -1.0
570 1 3.0
570 2 7.0
570 3 7.0
570 4 7.0
570 5 7.0
570 6 -1.0
571 1 3.0
571 2 7.0
571 3 7.0
571 4 7.0
571 5 10.0
571 6 -1.0
572 1 3.0
572 2 8.0
572 3 9.0
572 4 -1.0
573 1 3.0
573 2 8.0
573 3 10.0
573 4 -1.0
574 1 3.0
574 2 8.0
574 3 9.0
574 4 10.0
574 5 -1.0
575 1 3.0
575 2 9.0
575 3 9.0
575 4 -1.0
576 1 3.0
576 2 9.0
576 3 10.0
576 4 -1.0
577 1 3.0
577 2 9.0
577 3 9.0
577 4 9.0
577 5 -1.0
578 1 3.0
578 2 9.0
578 3 9.0
578 4 10.0
578 5 -1.0
579 1 3.0
579 2 9.0
579 3 9.0
579 4 9.0
579 5 9.0
579 6 -1.0
580 1 3.0
580 2 9.0
580 3 9.0
580 4 9.0
580 5 10.0
580 6 -1.0
581 1 3.0
581 2 10.0
581 3 10.0
581 4 -1.0
582 1 3.0
582 2 10.0
582 3 10.0
582 4 10.0
582 5 -1.0
583 1 3.0
583 2 10.0
583 3 10.0
583 4 10.0
583 5 10.0
583 6 -1.0
584 1 8.0
584 2 9.0
584 3 -1.0
585 1 8.0
585 2 10.0
585 3 -1.0
586 1 8.0
586 2 9.0
586 3 10.0
586 4 -1.0
587 1 8.0
587 2 10.0
587 3 10.0
587 4 -1.0
588 1 8.0
588 2 10.0
588 3 10.0
588 4 10.0
588 5 -1.0
589 1 8.0
589 2 10.0
589 3 10.0
589 4 10.0
589 5 10.0
589 6 -1.0
590 1 6.0
590 2 7.0
590 3 -1.0
591 1 6.0
591 2 8.0
591 3 -1.0
592 1 6.0
592 2 10.0
592 3 -1.0
593 1 6.0
593 2 7.0
593 3 7.0
593 4 -1.0
594 1 6.0
594 2 7.0
594 3 8.0
594 4 -1.0
595 1 6.0
595 2 7.0
595 3 10.0
595 4 -1.0
596 1 6.0
596 2 7.0
596 3 7.0
596 4 7.0
596 5 -1.0
597 1 6.0
597 2 7.0
597 3 7.0
597 4 8.0
597 5 -1.0
598 1 6.0
598 2 7.0
598 3 7.0
598 4 10.0
598 5 -1.0
599 1 6.0
599 2 7.0
599 3 7.0
599 4 7.0
599 5 7.0
599 6 -1.0
600 1 6.0
600 2 7.0
600 3 7.0
600 4 7.0
600 5 8.0
600 6 -1.0
601 1 6.0
601 2 7.0
601 3 7.0
601 4 7.0
601 5 10.0
601 6 -1.0
602 1 6.0
602 2 8.0
602 3 10.0
602 4 -1.0
