1 1 3
2 1 1
3 1 1
4 1 1
5 1 1
6 1 1
7 1 1
8 1 1
9 1 1
10 1 1
11 1 1
12 1 1
13 1 1
14 1 1
15 1 1
16 1 1
17 1 1
18 1 3
19 1 1
20 1 1
21 1 1
22 1 1
23 1 1
24 1 1
25 1 1
26 1 1
27 1 3
28 1 1
29 1 3
30 1 1
31 1 1
32 1 3
33 1 1
34 1 3
35 1 3
36 1 1
37 1 1
38 1 1
39 1 1
40 1 1
41 1 1
42 1 1
43 1 1
44 1 1
45 1 2
46 1 1
47 1 1
48 1 2
49 1 1
50 1 3
51 1 1
52 1 1
53 1 3
54 1 1
55 1 1
56 1 1
57 1 1
58 1 1
59 1 1
60 1 1
61 1 1
62 1 3
63 1 3
64 1 3
65 1 1
66 1 3
67 1 3
68 1 3
69 1 3
70 1 1
71 1 3
72 1 1
73 1 1
74 1 1
75 1 1
76 1 1
77 1 1
78 1 1
79 1 1
80 1 1
81 1 1
82 1 1
83 1 1
84 1 1
85 1 1
86 1 1
87 1 1
88 1 3
89 1 3
90 1 1
91 1 1
92 1 1
93 1 1
94 1 1
95 1 1
96 1 2
97 1 1
98 1 2
99 1 1
100 1 3
101 1 3
102 1 1
103 1 3
104 1 1
105 1 1
106 1 3
107 1 1
108 1 1
109 1 1
110 1 1
111 1 2
112 1 2
113 1 3
114 1 1
115 1 1
116 1 1
117 1 1
118 1 1
119 1 1
120 1 3
121 1 1
122 1 1
123 1 1
124 1 1
125 1 1
126 1 2
127 1 2
128 1 1
129 1 3
130 1 3
131 1 1
132 1 1
133 1 1
134 1 3
135 1 1
136 1 1
137 1 3
138 1 1
139 1 1
140 1 1
141 1 1
142 1 1
143 1 1
144 1 1
145 1 1
146 1 1
147 1 1
148 1 1
149 1 1
150 1 1
151 1 3
152 1 2
153 1 1
154 1 1
155 1 1
156 1 1
157 1 1
158 1 1
159 1 1
160 1 3
161 1 1
162 1 3
163 1 1
164 1 1
165 1 1
166 1 1
167 1 1
168 1 3
169 1 1
170 1 1
171 1 1
172 1 1
173 1 3
174 1 2
175 1 1
176 1 1
177 1 1
178 1 1
179 1 1
180 1 1
181 1 1
182 1 1
183 1 1
184 1 1
185 1 2
186 1 1
187 1 3
188 1 1
189 1 1
190 1 1
191 1 1
192 1 1
193 1 1
194 1 1
195 1 1
196 1 1
197 1 3
198 1 3
199 1 3
200 1 3
201 1 1
202 1 1
203 1 1
204 1 1
205 1 3
206 1 2
207 1 1
208 1 1
209 1 1
210 1 1
211 1 1
212 1 1
213 1 2
214 1 1
215 1 1
216 1 1
217 1 1
218 1 1
219 1 1
220 1 1
221 1 1
222 1 1
223 1 1
224 1 1
225 1 1
226 1 1
227 1 1
228 1 1
229 1 1
230 1 1
231 1 3
232 1 3
233 1 1
234 1 1
235 1 3
236 1 1
237 1 1
238 1 1
239 1 1
240 1 3
241 1 1
242 1 1
243 1 1
244 1 1
245 1 1
246 1 1
247 1 1
248 1 1
249 1 1
250 1 1
251 1 1
252 1 1
253 1 1
254 1 3
255 1 2
256 1 3
257 1 3
258 1 1
259 1 1
260 1 1
261 1 1
262 1 1
263 1 1
264 1 1
265 1 1
266 1 1
267 1 1
268 1 1
269 1 1
270 1 1
271 1 1
272 1 1
273 1 2
274 1 3
275 1 1
276 1 3
277 1 3
278 1 1
279 1 1
280 1 1
281 1 2
282 1 1
283 1 3
284 1 3
285 1 2
286 1 3
287 1 1
288 1 3
289 1 3
290 1 3
291 1 2
292 1 1
293 1 1
294 1 1
295 1 1
296 1 1
297 1 1
298 1 1
299 1 1
300 1 1
301 1 1
302 1 1
303 1 2
304 1 1
305 1 2
306 1 1
307 1 3
308 1 1
309 1 1
310 1 1
311 1 1
312 1 1
313 1 1
314 1 1
315 1 1
316 1 1
317 1 1
318 1 3
319 1 1
320 1 1
321 1 1
322 1 1
323 1 1
324 1 1
325 1 1
326 1 2
327 1 1
328 1 3
329 1 3
330 1 1
331 1 1
332 1 1
333 1 1
334 1 1
335 1 2
336 1 3
337 1 1
338 1 1
339 1 1
340 1 1
341 1 3
342 1 1
343 1 3
344 1 1
345 1 1
346 1 1
347 1 1
348 1 3
349 1 1
350 1 1
351 1 1
352 1 1
353 1 2
354 1 1
355 1 1
356 1 1
357 1 1
358 1 1
359 1 1
360 1 1
361 1 1
362 1 1
363 1 1
364 1 1
365 1 1
366 1 1
367 1 1
368 1 1
369 1 1
370 1 1
371 1 3
372 1 1
373 1 1
374 1 1
375 1 1
376 1 1
377 1 1
378 1 1
379 1 1
380 1 1
381 1 1
382 1 1
383 1 3
384 1 1
385 1 2
386 1 2
387 1 3
388 1 1
389 1 3
390 1 1
391 1 1
392 1 1
393 1 1
394 1 1
395 1 1
396 1 1
397 1 1
398 1 1
399 1 1
400 1 1
401 1 1
402 1 1
403 1 1
404 1 1
405 1 1
406 1 3
407 1 1
408 1 3
409 1 1
410 1 1
411 1 1
412 1 1
413 1 3
414 1 2
415 1 1
416 1 1
417 1 1
418 1 1
419 1 1
420 1 3
421 1 1
422 1 1
423 1 1
424 1 1
425 1 1
426 1 1
427 1 1
428 1 1
429 1 2
430 1 3
431 1 3
432 1 1
433 1 1
434 1 1
435 1 1
436 1 1
437 1 1
438 1 1
439 1 1
440 1 1
441 1 1
442 1 1
443 1 1
444 1 1
445 1 1
446 1 3
447 1 1
448 1 1
449 1 3
450 1 3
451 1 1
452 1 1
453 1 1
454 1 3
455 1 3
456 1 3
457 1 1
458 1 3
459 1 1
460 1 1
461 1 1
462 1 3
463 1 1
464 1 3
465 1 1
466 1 1
467 1 1
468 1 3
469 1 1
470 1 1
471 1 1
472 1 1
473 1 1
474 1 1