1 1 0.0645010638121772
1 3 0.1709267260540411
1 4 0.14760248377595228
1 5 0.16023480680156912
1 7 0.0893542093742224
1 9 0.10329043989187052
1 10 0.26409027029016735
2 2 0.2989539844992498
2 4 0.32005890346154664
2 5 0.09349433368976745
2 7 0.043829712330455683
2 8 0.04984988759066566
2 9 0.007901805560979084
2 10 0.1859113728673357
3 2 0.2490955641591156
3 3 0.02698654331360522
3 4 0.16145495852602101
3 6 0.10609528677088846
3 8 0.200496197556366
3 9 0.2558714496740037
4 2 0.09650376257577584
4 3 0.14780428668222415
4 4 0.14521174782302626
4 5 0.16187792554200045
4 6 0.1661547977758539
4 7 0.10432071133077539
4 9 0.17812676827034393
5 1 0.04135039548171269
5 2 0.02564332614709613
5 3 0.3021090348925591
5 4 0.223008721128885
5 6 0.22074697920239722
5 7 0.04421551905148761
5 8 0.14292602409586233
6 1 0.001055090157707226
6 2 0.016817623419718073
6 3 0.08195438208985839
6 5 0.07968440191581065
6 6 0.20213532148593608
6 7 0.22852442635209327
6 8 0.20363820063550023
6 9 0.14408952645039882
6 10 0.042101027492977346
7 1 0.0511647188861084
7 2 0.20094458271913687
7 4 0.0022748578955344083
7 5 0.16280236236087167
7 6 0.18138500858884876
7 7 0.16759839513285812
7 9 0.049674946456753084
7 10 0.1841551279598887
8 2 0.23709923939246047
8 3 0.0035706233819889958
8 4 0.09887028052898324
8 6 0.21413945377465798
8 8 0.19714748147798386
8 9 0.24917292144392544
9 1 0.32232912447707673
9 2 0.06215564035104047
9 4 0.35115081522868985
9 5 0.264364419943193
10 1 0.14314725739142115
10 2 0.1699952615947052
10 3 0.09328802509197678
10 5 0.09765442107995322
10 7 0.18023054977106964
10 9 0.10605424249233392
10 10 0.2096302425785401
