1 1 34.62365962451697
1 2 78.0246928153624
1 3 0
2 1 30.28671076822607
2 2 43.89499752400101
2 3 0
3 1 35.84740876993872
3 2 72.90219802708364
3 3 0
4 1 60.18259938620976
4 2 86.30855209546826
4 3 1
5 1 79.0327360507101
5 2 75.3443764369103
5 3 1
6 1 45.08327747668339
6 2 56.3163717815305
6 3 0
7 1 61.10666453684766
7 2 96.51142588489624
7 3 1
8 1 75.02474556738889
8 2 46.55401354116538
8 3 1
9 1 76.09878670226257
9 2 87.42056971926803
9 3 1
10 1 84.43281996120035
10 2 43.53339331072109
10 3 1
11 1 95.86155507093572
11 2 38.22527805795094
11 3 0
12 1 75.01365838958247
12 2 30.60326323428011
12 3 0
13 1 82.30705337399482
13 2 76.48196330235604
13 3 1
14 1 69.36458875970939
14 2 97.71869196188608
14 3 1
15 1 39.53833914367223
15 2 76.03681085115882
15 3 0
16 1 53.9710521485623
16 2 89.20735013750205
16 3 1
17 1 69.07014406283025
17 2 52.74046973016765
17 3 1
18 1 67.94685547711617
18 2 46.67857410673128
18 3 0
19 1 70.66150955499435
19 2 92.92713789364831
19 3 1
20 1 76.97878372747498
20 2 47.57596364975532
20 3 1
21 1 67.37202754570876
21 2 42.83843832029179
21 3 0
22 1 89.67677575072079
22 2 65.79936592745237
22 3 1
23 1 50.534788289883
23 2 48.85581152764205
23 3 0
24 1 34.21206097786789
24 2 44.20952859866288
24 3 0
25 1 77.9240914545704
25 2 68.9723599933059
25 3 1
26 1 62.27101367004632
26 2 69.95445795447587
26 3 1
27 1 80.1901807509566
27 2 44.82162893218353
27 3 1
28 1 93.114388797442
28 2 38.80067033713209
28 3 0
29 1 61.83020602312595
29 2 50.25610789244621
29 3 0
30 1 38.78580379679423
30 2 64.99568095539578
30 3 0
31 1 61.379289447425
31 2 72.80788731317097
31 3 1
32 1 85.40451939411645
32 2 57.05198397627122
32 3 1
33 1 52.10797973193984
33 2 63.12762376881715
33 3 0
34 1 52.04540476831827
34 2 69.43286012045222
34 3 1
35 1 40.23689373545111
35 2 71.16774802184875
35 3 0
36 1 54.63510555424817
36 2 52.21388588061123
36 3 0
37 1 33.91550010906887
37 2 98.86943574220611
37 3 0
38 1 64.17698887494485
38 2 80.90806058670817
38 3 1
39 1 74.78925295941542
39 2 41.57341522824434
39 3 0
40 1 34.1836400264419
40 2 75.2377203360134
40 3 0
41 1 83.90239366249155
41 2 56.30804621605327
41 3 1
42 1 51.54772026906181
42 2 46.85629026349976
42 3 0
43 1 94.44336776917852
43 2 65.56892160559052
43 3 1
44 1 82.36875375713919
44 2 40.61825515970618
44 3 0
45 1 51.04775177128865
45 2 45.82270145776001
45 3 0
46 1 62.22267576120188
46 2 52.06099194836679
46 3 0
47 1 77.19303492601364
47 2 70.45820000180959
47 3 1
48 1 97.77159928000232
48 2 86.7278223300282
48 3 1
49 1 62.07306379667647
49 2 96.76882412413983
49 3 1
50 1 91.56497449807442
50 2 88.69629254546599
50 3 1
51 1 79.94481794066932
51 2 74.16311935043758
51 3 1
52 1 99.2725269292572
52 2 60.99903099844988
52 3 1
53 1 90.54671411399852
53 2 43.39060180650027
53 3 1
54 1 34.52451385320009
54 2 60.39634245837173
54 3 0
55 1 50.2864961189907
55 2 49.80453881323059
55 3 0
56 1 49.58667721632031
56 2 59.80895099453265
56 3 0
57 1 97.64563396007767
57 2 68.86157272420604
57 3 1
58 1 32.57720016809309
58 2 95.59854761387875
58 3 0
59 1 74.24869136721598
59 2 69.82457122657193
59 3 1
60 1 71.79646205863379
60 2 78.45356224515052
60 3 1
61 1 75.3956114656803
61 2 85.75993667331619
61 3 1
62 1 35.28611281526193
62 2 47.02051394723416
62 3 0
63 1 56.25381749711624
63 2 39.26147251058019
63 3 0
64 1 30.05882244669796
64 2 49.59297386723685
64 3 0
65 1 44.66826172480893
65 2 66.45008614558913
65 3 0
66 1 66.56089447242954
66 2 41.09209807936973
66 3 0
67 1 40.45755098375164
67 2 97.53518548909936
67 3 1
68 1 49.07256321908844
68 2 51.88321182073966
68 3 0
69 1 80.27957401466998
69 2 92.11606081344084
69 3 1
70 1 66.74671856944039
70 2 60.99139402740988
70 3 1
71 1 32.72283304060323
71 2 43.30717306430063
71 3 0
72 1 64.0393204150601
72 2 78.03168802018232
72 3 1
73 1 72.34649422579923
73 2 96.22759296761404
73 3 1
74 1 60.45788573918959
74 2 73.09499809758037
74 3 1
75 1 58.84095621726802
75 2 75.85844831279042
75 3 1
76 1 99.82785779692128
76 2 72.36925193383885
76 3 1
77 1 47.26426910848174
77 2 88.47586499559782
77 3 1
78 1 50.45815980285988
78 2 75.80985952982456
78 3 1
79 1 60.45555629271532
79 2 42.50840943572217
79 3 0
80 1 82.22666157785568
80 2 42.71987853716458
80 3 0
81 1 88.9138964166533
81 2 69.80378889835472
81 3 1
82 1 94.83450672430196
82 2 45.69430680250754
82 3 1
83 1 67.31925746917527
83 2 66.58935317747915
83 3 1
84 1 57.23870631569862
84 2 59.51428198012956
84 3 1
85 1 80.36675600171273
85 2 90.96014789746954
85 3 1
86 1 68.46852178591112
86 2 85.59430710452014
86 3 1
87 1 42.0754545384731
87 2 78.84478600148043
87 3 0
88 1 75.47770200533905
88 2 90.42453899753964
88 3 1
89 1 78.63542434898018
89 2 96.64742716885644
89 3 1
90 1 52.34800398794107
90 2 60.76950525602592
90 3 0
91 1 94.09433112516793
91 2 77.15910509073893
91 3 1
92 1 90.44855097096364
92 2 87.50879176484702
92 3 1
93 1 55.48216114069585
93 2 35.57070347228866
93 3 0
94 1 74.49269241843041
94 2 84.84513684930135
94 3 1
95 1 89.84580670720979
95 2 45.35828361091658
95 3 1
96 1 83.48916274498238
96 2 48.38028579728175
96 3 1
97 1 42.2617008099817
97 2 87.10385094025457
97 3 1
98 1 99.31500880510394
98 2 68.77540947206617
98 3 1
99 1 55.34001756003703
99 2 64.9319380069486
99 3 1
100 1 74.77589300092767
100 2 89.52981289513276
100 3 1